0.00787401574803	1.0
0.0157480314961	1.0
0.0157480314961	1.0
0.0157480314961	1.0
0.0157480314961	1.0
0.0157480314961	1.0
0.0157480314961	1.0
0.0157480314961	1.0
0.0157480314961	1.0
0.0157480314961	1.0
0.0157480314961	1.0
0.0157480314961	1.0
0.0157480314961	1.0
0.0157480314961	1.0
0.0157480314961	1.0
0.0157480314961	1.0
0.0157480314961	1.0
0.0236220472441	1.0
0.0236220472441	1.0
0.0236220472441	1.0
0.0236220472441	1.0
0.0236220472441	1.0
0.0236220472441	1.0
0.0236220472441	1.0
0.0236220472441	1.0
0.0236220472441	1.0
0.0236220472441	1.0
0.0236220472441	1.0
0.0236220472441	1.0
0.0236220472441	1.0
0.0236220472441	1.0
0.0314960629921	1.0
0.0314960629921	1.0
0.0314960629921	1.0
0.0314960629921	1.0
0.0314960629921	1.0
0.0472440944882	1.0
0.0472440944882	1.0
0.0472440944882	1.0
0.0551181102362	1.0
0.0551181102362	1.0
0.0551181102362	1.0
0.0629921259843	1.0
0.0629921259843	1.0
0.0629921259843	1.0
0.0629921259843	1.0
0.0629921259843	1.0
0.0629921259843	1.0
0.0629921259843	1.0
0.0629921259843	1.0
0.0629921259843	1.0
0.0629921259843	1.0
0.0787401574803	1.0
0.0787401574803	1.0
0.0787401574803	1.0
0.0787401574803	1.0
0.0787401574803	1.0
0.0787401574803	1.0
0.0866141732283	1.0
0.0866141732283	1.0
0.0944881889764	1.0
0.0944881889764	1.0
0.0944881889764	1.0
0.0944881889764	1.0
0.102362204724	1.0
0.102362204724	1.0
0.102362204724	0.928571428571
0.102362204724	0.928571428571
0.102362204724	0.928571428571
0.102362204724	0.928571428571
0.102362204724	0.928571428571
0.102362204724	0.928571428571
0.102362204724	0.928571428571
0.110236220472	0.933333333333
0.110236220472	0.933333333333
0.125984251969	0.941176470588
0.133858267717	0.944444444444
0.133858267717	0.944444444444
0.141732283465	0.947368421053
0.141732283465	0.947368421053
0.141732283465	0.947368421053
0.141732283465	0.947368421053
0.141732283465	0.9
0.141732283465	0.9
0.141732283465	0.9
0.149606299213	0.904761904762
0.149606299213	0.904761904762
0.157480314961	0.909090909091
0.157480314961	0.909090909091
0.165354330709	0.913043478261
0.165354330709	0.913043478261
0.165354330709	0.913043478261
0.165354330709	0.875
0.173228346457	0.88
0.173228346457	0.846153846154
0.173228346457	0.846153846154
0.173228346457	0.846153846154
0.173228346457	0.846153846154
0.173228346457	0.846153846154
0.173228346457	0.785714285714
0.173228346457	0.785714285714
0.181102362205	0.766666666667
0.181102362205	0.766666666667
0.181102362205	0.71875
0.181102362205	0.71875
0.181102362205	0.71875
0.181102362205	0.71875
0.181102362205	0.71875
0.181102362205	0.71875
0.181102362205	0.71875
0.181102362205	0.71875
0.181102362205	0.71875
0.188976377953	0.727272727273
0.188976377953	0.727272727273
0.188976377953	0.727272727273
0.188976377953	0.666666666667
0.188976377953	0.666666666667
0.188976377953	0.666666666667
0.188976377953	0.631578947368
0.188976377953	0.6
0.188976377953	0.6
0.188976377953	0.6
0.188976377953	0.571428571429
0.188976377953	0.571428571429
0.188976377953	0.558139534884
0.196850393701	0.531914893617
0.196850393701	0.5
0.204724409449	0.490566037736
0.204724409449	0.481481481481
0.204724409449	0.464285714286
0.204724409449	0.456140350877
0.212598425197	0.457627118644
0.212598425197	0.428571428571
0.212598425197	0.428571428571
0.228346456693	0.439393939394
0.228346456693	0.439393939394
0.228346456693	0.391891891892
0.228346456693	0.381578947368
0.228346456693	0.376623376623
0.228346456693	0.3625
0.228346456693	0.341176470588
0.244094488189	0.333333333333
0.244094488189	0.329787234043
0.244094488189	0.326315789474
0.251968503937	0.326530612245
0.251968503937	0.326530612245
0.251968503937	0.32
0.251968503937	0.283185840708
0.251968503937	0.271186440678
0.259842519685	0.268292682927
0.259842519685	0.266129032258
0.267716535433	0.265625
0.267716535433	0.263565891473
0.267716535433	0.261538461538
0.267716535433	0.255639097744
0.275590551181	0.257352941176
0.275590551181	0.248226950355
0.275590551181	0.236486486486
0.283464566929	0.233766233766
0.283464566929	0.230769230769
0.283464566929	0.225
0.283464566929	0.223602484472
0.283464566929	0.219512195122
0.291338582677	0.217647058824
0.291338582677	0.210227272727
0.291338582677	0.203296703297
0.291338582677	0.198924731183
0.291338582677	0.197860962567
0.291338582677	0.189743589744
0.291338582677	0.18137254902
0.291338582677	0.177884615385
0.299212598425	0.178403755869
0.299212598425	0.175925925926
0.299212598425	0.170403587444
0.299212598425	0.167400881057
0.299212598425	0.163090128755
0.307086614173	0.163179916318
0.307086614173	0.156626506024
0.307086614173	0.153543307087
0.307086614173	0.15
0.307086614173	0.141304347826
0.307086614173	0.137323943662
0.314960629921	0.13698630137
0.314960629921	0.133779264214
0.322834645669	0.133116883117
0.330708661417	0.129230769231
0.330708661417	0.126506024096
0.330708661417	0.12389380531
0.330708661417	0.121037463977
0.330708661417	0.116991643454
0.330708661417	0.115384615385
0.338582677165	0.116216216216
0.338582677165	0.11345646438
0.338582677165	0.111111111111
0.354330708661	0.113924050633
0.362204724409	0.113300492611
0.362204724409	0.109263657957
0.362204724409	0.107226107226
0.362204724409	0.105504587156
0.362204724409	0.103370786517
0.362204724409	0.100656455142
0.377952755906	0.102127659574
0.377952755906	0.0997920997921
0.377952755906	0.0973630831643
0.377952755906	0.0952380952381
0.377952755906	0.0943025540275
0.377952755906	0.0923076923077
0.377952755906	0.0898876404494
0.377952755906	0.0872727272727
0.377952755906	0.0860215053763
0.377952755906	0.0842105263158
0.385826771654	0.0840480274443
0.393700787402	0.0836120401338
0.393700787402	0.0822368421053
0.393700787402	0.0798722044728
0.393700787402	0.0780031201248
0.393700787402	0.0764525993884
0.40157480315	0.0769230769231
0.40157480315	0.0753323485968
0.40157480315	0.0739130434783
0.40157480315	0.0723404255319
0.40157480315	0.0713286713287
0.40157480315	0.069387755102
0.417322834646	0.0708556149733
0.417322834646	0.0696452036794
0.417322834646	0.0681233933162
0.417322834646	0.0667506297229
0.417322834646	0.0655940594059
0.417322834646	0.0647130647131
0.433070866142	0.0656324582339
0.433070866142	0.0643274853801
0.44094488189	0.0647398843931
0.44094488189	0.0632768361582
0.44094488189	0.0626398210291
0.456692913386	0.0638766519824
0.456692913386	0.0625674217907
0.464566929134	0.0621052631579
0.464566929134	0.0610766045549
0.464566929134	0.0597165991903
0.464566929134	0.0583003952569
0.464566929134	0.0573372206025
0.48031496063	0.0580952380952
0.48031496063	0.0574387947269
0.48031496063	0.0563770794824
0.48031496063	0.0556061987238
0.488188976378	0.0558558558559
0.488188976378	0.0544815465729
0.488188976378	0.0531732418525
0.488188976378	0.0521885521886
0.488188976378	0.05094494659
0.488188976378	0.0499597099114
0.488188976378	0.0492063492063
0.496062992126	0.0491803278689
0.496062992126	0.0481651376147
0.496062992126	0.0475113122172
0.496062992126	0.0467706013363
0.496062992126	0.0462555066079
0.496062992126	0.0457184325109
0.496062992126	0.0450321658327
0.496062992126	0.0445859872611
0.496062992126	0.0439637124913
0.496062992126	0.0432692307692
0.496062992126	0.0426251691475
0.511811023622	0.0431893687708
0.511811023622	0.0424559111692
0.511811023622	0.0419084461638
0.511811023622	0.0412698412698
0.511811023622	0.0407779171895
0.511811023622	0.04034761018
0.511811023622	0.0398040416412
0.511811023622	0.0392275196138
0.51968503937	0.039262343843
0.51968503937	0.0385739333723
0.51968503937	0.0382608695652
0.51968503937	0.0378223495702
0.527559055118	0.0379388448471
0.527559055118	0.0374301675978
0.527559055118	0.0368536853685
0.527559055118	0.0363735070575
0.527559055118	0.0359442060086
0.535433070866	0.036093418259
0.535433070866	0.0357330530741
0.535433070866	0.0352331606218
0.535433070866	0.0348004094166
0.535433070866	0.0342224458983
0.535433070866	0.0338814150473
0.543307086614	0.0341077607514
0.543307086614	0.0334951456311
0.543307086614	0.0332369942197
0.543307086614	0.0329985652798
0.543307086614	0.0327324478178
0.543307086614	0.0323791647114
0.543307086614	0.0319001386963
0.566929133858	0.0327272727273
0.566929133858	0.0325056433409
0.582677165354	0.0330357142857
0.582677165354	0.0327868852459
0.582677165354	0.0323851203501
0.582677165354	0.0321041214751
0.582677165354	0.0318416523236
0.582677165354	0.0315430520034
0.582677165354	0.0310924369748
0.582677165354	0.0308204914619
0.582677165354	0.0306038047974
0.582677165354	0.0302906262792
0.582677165354	0.030081300813
0.582677165354	0.0297427652733
0.582677165354	0.0293650793651
0.582677165354	0.0291798107256
0.582677165354	0.0288949629051
0.582677165354	0.0287044220326
0.582677165354	0.0284287360738
0.582677165354	0.0280409245926
0.582677165354	0.0277673545966
0.590551181102	0.0278914094459
0.590551181102	0.0276854928018
0.590551181102	0.0273822562979
0.590551181102	0.0270758122744
0.614173228346	0.0279369627507
0.614173228346	0.0276595744681
0.614173228346	0.027474462839
0.622047244094	0.0276320391745
0.622047244094	0.0274115197779
0.622047244094	0.0272226050999
0.622047244094	0.0269073569482
0.622047244094	0.0266982088543
0.622047244094	0.0265724857047
0.622047244094	0.026307026307
0.622047244094	0.026055408971
0.629921259843	0.0261951538965
0.629921259843	0.025974025974
0.629921259843	0.0257483102671
0.629921259843	0.0255020720434
0.637795275591	0.0256166982922
0.637795275591	0.0254157514904
0.637795275591	0.0252651278852
0.637795275591	0.025085165686
0.637795275591	0.0249307479224
0.637795275591	0.0247101891397
0.637795275591	0.0245603395998
0.637795275591	0.0243389423077
0.637795275591	0.0241358760429
0.637795275591	0.0239928909953
0.637795275591	0.0238305383936
0.637795275591	0.0236703682057
0.637795275591	0.023525994772
0.637795275591	0.0233227756982
0.637795275591	0.0232224770642
0.637795275591	0.0230113636364
0.637795275591	0.022759202023
0.637795275591	0.0225941422594
0.637795275591	0.0223756906077
0.637795275591	0.0221917808219
0.637795275591	0.0220648324707
0.653543307087	0.0224324324324
0.653543307087	0.022192513369
0.653543307087	0.0220100769027
0.661417322835	0.0221577420206
0.661417322835	0.0220588235294
0.669291338583	0.0222338477635
0.669291338583	0.022015022015
0.669291338583	0.0219298245614
0.669291338583	0.0217335719765
0.685039370079	0.022120518688
0.685039370079	0.021980798383
0.685039370079	0.0217663247436
0.685039370079	0.0215988083416
0.685039370079	0.0214338507021
0.685039370079	0.0212765957447
0.685039370079	0.0211370262391
0.685039370079	0.0209739633558
0.685039370079	0.0208483105679
0.685039370079	0.0207290922087
0.685039370079	0.0206356736243
0.692913385827	0.0207302709069
0.692913385827	0.0205799812909
0.692913385827	0.0204556020456
0.692913385827	0.0203139427516
0.692913385827	0.0201881165405
0.692913385827	0.0200867381876
0.692913385827	0.0199546485261
0.692913385827	0.0198332206446
0.692913385827	0.0197000223864
0.700787401575	0.0197865718097
0.700787401575	0.0197120708749
0.708661417323	0.0197715289982
0.708661417323	0.0196549464949
0.708661417323	0.0195524657832
0.708661417323	0.0194132873167
0.708661417323	0.0192926045016
0.716535433071	0.0193905817175
0.748031496063	0.0201185938162
0.748031496063	0.0200084245998
0.748031496063	0.0198786356978
0.748031496063	0.0197669579692
0.748031496063	0.0196565280364
0.748031496063	0.01953125
0.748031496063	0.0193837992246
0.748031496063	0.0192971765184
0.748031496063	0.0192074403558
0.748031496063	0.0191069991955
0.748031496063	0.0190457097033
0.755905511811	0.0191540303272
0.755905511811	0.0190174326466
0.755905511811	0.0189386466759
0.755905511811	0.0188716335758
0.755905511811	0.0187573270809
0.755905511811	0.0186988702766
0.755905511811	0.0186299243159
0.755905511811	0.0185363969878
0.763779527559	0.0186287689649
0.763779527559	0.018557489956
0.763779527559	0.0184621240959
0.763779527559	0.0183781735506
0.763779527559	0.0182880844646
0.763779527559	0.0181818181818
0.763779527559	0.0180734115893
0.771653543307	0.0181818181818
0.787401574803	0.0184569952012
0.787401574803	0.018351991191
0.787401574803	0.0182415176943
0.787401574803	0.0181884321571
0.787401574803	0.0181028240406
0.787401574803	0.01800180018
0.787401574803	0.0179018976011
0.787401574803	0.017825311943
0.787401574803	0.0177304964539
0.787401574803	0.0176118351532
0.787401574803	0.0175530981218
0.787401574803	0.0174550532379
0.787401574803	0.0173822353555
0.787401574803	0.017310022503
0.787401574803	0.0172473266644
0.787401574803	0.0172057811425
0.787401574803	0.0171644352901
0.787401574803	0.0171115674196
0.787401574803	0.0170183798502
0.787401574803	0.0169520257671
0.787401574803	0.0168918918919
0.787401574803	0.0167954316426
0.787401574803	0.0167364016736
0.787401574803	0.0166694449075
0.787401574803	0.0166306336271
0.795275590551	0.0167080231596
0.795275590551	0.0166611679314
0.795275590551	0.0165845648604
0.795275590551	0.016522165876
0.803149606299	0.0165961601041
0.803149606299	0.0165208940719
0.811023622047	0.016604868612
0.811023622047	0.0165169980757
0.811023622047	0.0164668265388
0.811023622047	0.0163830125656
0.811023622047	0.0163388324873
0.811023622047	0.0162588792423
0.811023622047	0.0161847894406
0.811023622047	0.016136612878
0.811023622047	0.0160561184723
0.811023622047	0.016001242815
0.811023622047	0.0159442724458
0.811023622047	0.0158901573588
0.811023622047	0.0158339738663
0.811023622047	0.015785440613
0.811023622047	0.0157372039725
0.811023622047	0.0156988263984
0.811023622047	0.0156534954407
0.811023622047	0.0155942467827
0.811023622047	0.0155424777426
0.811023622047	0.0155003762227
0.811023622047	0.0154422788606
0.811023622047	0.0153777246939
0.811023622047	0.0153114315445
0.811023622047	0.0152547393365
0.811023622047	0.0152029520295
0.811023622047	0.0151470588235
0.811023622047	0.0150871539476
0.811023622047	0.015054077755
0.811023622047	0.0150014564521
0.818897637795	0.015100914767
0.818897637795	0.0150332466031
0.818897637795	0.0149791156561
0.818897637795	0.014938236139
0.818897637795	0.0149018484023
0.818897637795	0.0148528991717
0.818897637795	0.014816925488
0.818897637795	0.0147853284049
0.826771653543	0.0148830616584
0.826771653543	0.0148409893993
0.826771653543	0.014794983796
0.826771653543	0.0147534073346
0.826771653543	0.0147265077139
0.826771653543	0.0146873688628
0.826771653543	0.0146463941972
0.826771653543	0.0146137787056
0.826771653543	0.0145813081516
0.826771653543	0.0145469659185
0.826771653543	0.0145248305436
0.826771653543	0.0144608180691
0.826771653543	0.014429022949
0.826771653543	0.0144032921811
0.826771653543	0.0143638850889
0.826771653543	0.0143383859074
0.834645669291	0.014419806829
0.834645669291	0.0143767801438
0.834645669291	0.0143378871906
0.834645669291	0.0143011332974
0.834645669291	0.0142511427803
0.834645669291	0.0142281879195
0.834645669291	0.0141900937082
0.834645669291	0.0141692287127
0.834645669291	0.0141333333333
0.834645669291	0.0140976193643
0.834645669291	0.0140602201884
0.842519685039	0.0141496958477
0.842519685039	0.0141198205331
0.842519685039	0.0140937829294
0.842519685039	0.0140567524961
0.842519685039	0.0140144073346
0.842519685039	0.0139832723471
0.858267716535	0.0142075078206
0.858267716535	0.0141834743006
0.866141732283	0.0142690361915
0.874015748031	0.0143577803648
0.889763779528	0.0145656096932
0.889763779528	0.014530024431
0.897637795276	0.0146191331111
0.897637795276	0.0145873320537
0.897637795276	0.0145649674205
0.897637795276	0.0145222929936
0.897637795276	0.0144835471986
0.897637795276	0.0144578313253
0.897637795276	0.0144285533477
0.897637795276	0.0143794147326
0.897637795276	0.0143504531722
0.897637795276	0.0143216080402
0.897637795276	0.0142731939402
0.897637795276	0.0142517814727
0.897637795276	0.0142322097378
0.897637795276	0.0142056074766
0.897637795276	0.0141702921069
0.897637795276	0.0141333994545
0.897637795276	0.0140984417512
0.897637795276	0.0140792886254
0.897637795276	0.0140497904856
0.897637795276	0.0140238651741
0.897637795276	0.0140014738394
0.897637795276	0.013986013986
0.897637795276	0.01397572637
0.905511811024	0.0140776104786
0.905511811024	0.0140569612517
0.905511811024	0.014022680161
0.905511811024	0.0139953754412
0.905511811024	0.0139800632142
0.905511811024	0.0139613937113
0.905511811024	0.0139326387206
0.905511811024	0.0139056831923
0.905511811024	0.0138872116894
0.905511811024	0.0138654448999
0.905511811024	0.0138404140089
0.905511811024	0.0138254388074
0.905511811024	0.0138005520221
0.905511811024	0.013762565821
0.905511811024	0.0137379046709
0.905511811024	0.0137100619933
0.905511811024	0.0136790769597
0.905511811024	0.0136595795225
0.905511811024	0.0136449928809
0.905511811024	0.0136207509179
0.905511811024	0.0135965949397
0.913385826772	0.0136744076388
0.913385826772	0.0136374324007
0.913385826772	0.0136166216692
0.92125984252	0.013700234192
0.92125984252	0.0136794107331
0.92125984252	0.0136570561457
0.92125984252	0.0136300093197
0.92125984252	0.0136093986274
0.92125984252	0.0135825400511
0.92125984252	0.0135730858469
0.92125984252	0.013549507817
0.92125984252	0.0135166358595
0.92125984252	0.0134808157622
0.92125984252	0.013459105027
0.92125984252	0.0134282107196
0.92125984252	0.0133974579182
0.92125984252	0.0133806038426
0.92125984252	0.0133683729433
0.92125984252	0.0133546398813
0.92125984252	0.0133470225873
0.92125984252	0.0133257403189
0.92125984252	0.0132954545455
0.92125984252	0.0132758425054
0.92125984252	0.0132562882393
0.92125984252	0.0132457828597
0.92125984252	0.0132293080054
0.929133858268	0.0133167814016
0.929133858268	0.0132867920279
0.929133858268	0.0132599168446
0.929133858268	0.0132524707996
0.929133858268	0.0132301827559
0.937007874016	0.0133199014999
0.937007874016	0.0133109619687
0.937007874016	0.0132901496538
0.937007874016	0.0132723622574
0.937007874016	0.0132501948558
0.937007874016	0.0132295719844
0.937007874016	0.0132148806219
0.937007874016	0.013209013209
0.937007874016	0.013198757764
0.937007874016	0.0131870567376
0.937007874016	0.0131578947368
0.937007874016	0.013140459364
0.937007874016	0.0131288614298
0.937007874016	0.0131115028647
0.937007874016	0.0131013982164
0.937007874016	0.0130898691013
0.937007874016	0.0130812355722
0.937007874016	0.0130640026348
0.937007874016	0.0130525392125
0.937007874016	0.0130325265579
0.937007874016	0.0130225432261
0.937007874016	0.013015421634
0.937007874016	0.0130054644809
0.937007874016	0.0129884304737
0.937007874016	0.0129813461329
0.937007874016	0.012962962963
0.937007874016	0.0129544959721
0.944881889764	0.0130463144162
0.944881889764	0.0130420606456
0.944881889764	0.0130335614207
0.944881889764	0.0130236596484
0.944881889764	0.0130095403296
0.944881889764	0.0130039011704
0.944881889764	0.0129940443963
0.952755905512	0.0130881557599
0.952755905512	0.0130754268424
0.952755905512	0.0130683659142
0.952755905512	0.0130570842775
0.952755905512	0.0130373882125
0.952755905512	0.0130177514793
0.952755905512	0.0130065570246
0.952755905512	0.0129953818065
0.952755905512	0.012982832618
0.952755905512	0.0129605826907
0.952755905512	0.01295364522
0.952755905512	0.0129425607017
0.952755905512	0.0129301132721
0.96062992126	0.0130286202478
0.96062992126	0.0130161101035
0.96062992126	0.0130105577477
0.96062992126	0.0129966975605
0.96062992126	0.0129911617506
0.96062992126	0.0129883956138
0.96062992126	0.01297458258
0.96062992126	0.0129690655895
0.968503937008	0.0130656469089
0.968503937008	0.01305593886
0.968503937008	0.013053167781
0.968503937008	0.0130379478482
0.968503937008	0.0130255215504
0.968503937008	0.0130200063512
0.968503937008	0.0130144958205
0.968503937008	0.0130076142132
0.968503937008	0.0129979921801
0.968503937008	0.0129925002641
0.968503937008	0.012981530343
0.968503937008	0.0129760523262
0.968503937008	0.0129664769133
0.968503937008	0.0129555508742
0.984251968504	0.013150973172
0.984251968504	0.0131482065846
0.984251968504	0.0131357713325
0.984251968504	0.0131302521008
0.984251968504	0.0131219819442
0.984251968504	0.0131164742917
0.984251968504	0.0131109712608
0.984251968504	0.0131027253669
0.984251968504	0.0130972338642
0.992125984252	0.0131937172775
0.992125984252	0.0131881934268
0.992125984252	0.0131785378099
0.992125984252	0.0131730266597
0.992125984252	0.0131647685717
0.992125984252	0.0131633932303
0.992125984252	0.0131482834186
0.992125984252	0.0131332082552
0.992125984252	0.0131291028446
0.992125984252	0.0131236329549
0.992125984252	0.0131058872478
0.992125984252	0.0130868300789
0.992125984252	0.0130813953488
0.992125984252	0.0130746082806
0.992125984252	0.0130691836946
0.992125984252	0.0130664730893
0.992125984252	0.0130597014925
0.992125984252	0.0130542892665
0.992125984252	0.0130488815244
0.992125984252	0.0130475302889
0.992125984252	0.0130407783068
0.992125984252	0.0130313372634
0.992125984252	0.0130272952854
0.992125984252	0.0130192188469
0.992125984252	0.0130138401157
0.992125984252	0.0130044380225
0.992125984252	0.0130004127115
0.992125984252	0.0129937093947
0.992125984252	0.012987012987
0.992125984252	0.0129816608284
0.992125984252	0.0129776496035
0.992125984252	0.0129709697344
0.992125984252	0.0129669651127
0.992125984252	0.0129602962353
0.992125984252	0.0129429892142
0.992125984252	0.0129363449692
0.992125984252	0.0129257283545
0.992125984252	0.0129217516152
0.992125984252	0.0129191018148
0.992125984252	0.0129151291513
0.992125984252	0.012908513472
0.992125984252	0.0129019045669
0.992125984252	0.0128979424711
0.992125984252	0.012893982808
0.992125984252	0.0128913443831
0.992125984252	0.0128887070376
0.992125984252	0.0128860707711
0.992125984252	0.0128860707711
0.992125984252	0.0128847530422
0.992125984252	0.0128781684383
0.992125984252	0.0128781684383
0.992125984252	0.0128742209053
0.992125984252	0.0128676470588
0.992125984252	0.0128676470588
0.992125984252	0.0128650193996
0.992125984252	0.0128584549444
0.992125984252	0.0128532082016
0.992125984252	0.0128505864355
0.992125984252	0.0128492759535
0.992125984252	0.0128440366972
0.992125984252	0.0128388017118
0.992125984252	0.0128348782724
0.992125984252	0.0128309572301
0.992125984252	0.0128270385829
0.992125984252	0.0128270385829
0.992125984252	0.0128244274809
0.992125984252	0.0128231223285
0.992125984252	0.0128192084647
0.992125984252	0.0128113879004
0.992125984252	0.0128087831656
0.992125984252	0.0128048780488
0.992125984252	0.0128009753124
0.992125984252	0.0127983748095
0.992125984252	0.0127918781726
0.992125984252	0.0127918781726
0.992125984252	0.0127918781726
0.992125984252	0.0127905796366
0.992125984252	0.0127879833553
0.992125984252	0.0127866856099
0.992125984252	0.0127827939535
0.992125984252	0.0127776087618
0.992125984252	0.0127776087618
0.992125984252	0.0127737226277
0.992125984252	0.0127672509879
0.992125984252	0.0127659574468
0.992125984252	0.0127646641678
0.992125984252	0.0127646641678
0.992125984252	0.0127620783956
0.992125984252	0.0127582017011
0.992125984252	0.0127543273611
0.992125984252	0.0127517457747
0.992125984252	0.0127491652332
0.992125984252	0.0127491652332
0.992125984252	0.012746585736
0.992125984252	0.0127452963787
0.992125984252	0.0127414298716
0.992125984252	0.0127401415571
0.992125984252	0.0127388535032
0.992125984252	0.0127375657097
0.992125984252	0.0127337038909
0.992125984252	0.0127324171382
0.992125984252	0.0127311306457
0.992125984252	0.0127272727273
0.992125984252	0.0127272727273
0.992125984252	0.0127221324717
0.992125984252	0.0127208480565
0.992125984252	0.0127169963666
0.992125984252	0.0127169963666
0.992125984252	0.0127144298688
0.992125984252	0.012710582064
0.992125984252	0.012710582064
0.992125984252	0.012710582064
0.992125984252	0.0127080181543
0.992125984252	0.0127080181543
0.992125984252	0.0127067365873
0.992125984252	0.0127041742287
0.992125984252	0.0127041742287
0.992125984252	0.0127016129032
0.992125984252	0.0126990526104
0.992125984252	0.0126990526104
0.992125984252	0.0126990526104
0.992125984252	0.0126964933495
0.992125984252	0.012691377921
0.992125984252	0.012691377921
0.992125984252	0.0126888217523
0.992125984252	0.0126888217523
0.992125984252	0.012687544054
0.992125984252	0.012687544054
0.992125984252	0.012686266613
0.992125984252	0.0126837125025
0.992125984252	0.0126837125025
0.992125984252	0.0126824358329
0.992125984252	0.0126798832646
0.992125984252	0.0126798832646
0.992125984252	0.0126786073657
0.992125984252	0.0126773317235
0.992125984252	0.0126735063368
0.992125984252	0.0126684094108
0.992125984252	0.0126633165829
0.992125984252	0.0126607717042
0.992125984252	0.0126594996483
0.992125984252	0.0126582278481
0.992125984252	0.0126582278481
0.992125984252	0.0126582278481
0.992125984252	0.0126582278481
0.992125984252	0.0126582278481
0.992125984252	0.0126556850141
0.992125984252	0.0126556850141
0.992125984252	0.0126556850141
0.992125984252	0.0126544139801
0.992125984252	0.0126544139801
0.992125984252	0.0126544139801
0.992125984252	0.012651872678
0.992125984252	0.012651872678
0.992125984252	0.012651872678
0.992125984252	0.0126493323963
0.992125984252	0.0126493323963
0.992125984252	0.0126493323963
0.992125984252	0.0126493323963
0.992125984252	0.0126467931346
0.992125984252	0.012645523886
0.992125984252	0.012645523886
0.992125984252	0.012645523886
0.992125984252	0.012645523886
0.992125984252	0.012645523886
0.992125984252	0.0126442548921
0.992125984252	0.0126417176683
0.992125984252	0.0126404494382
0.992125984252	0.0126404494382
0.992125984252	0.0126404494382
0.992125984252	0.0126404494382
0.992125984252	0.0126379137412
1.0	0.0127369371176
1.0	0.0127369371176
1.0	0.0127356598476
1.0	0.0127318295739
1.0	0.0127318295739
1.0	0.0127292773379
1.0	0.0127280016035
1.0	0.0127267261249
1.0	0.0127267261249
1.0	0.0127267261249
1.0	0.0127267261249
1.0	0.0127254509018
1.0	0.0127254509018
1.0	0.0127254509018
1.0	0.0127254509018
1.0	0.0127254509018
1.0	0.0127254509018
1.0	0.0127241759343
1.0	0.0127241759343
1.0	0.0127241759343
1.0	0.0127241759343
1.0	0.0127229012222
1.0	0.0127229012222
1.0	0.0127229012222
1.0	0.0127229012222
1.0	0.0127229012222
1.0	0.0127229012222
1.0	0.0127229012222
1.0	0.0127229012222
1.0	0.0127229012222
1.0	0.0127229012222
1.0	0.0127203525641
1.0	0.0127203525641
1.0	0.0127203525641
1.0	0.0127203525641
1.0	0.0127203525641
1.0	0.0127203525641
1.0	0.0127203525641
1.0	0.0127190786179
1.0	0.0127190786179
1.0	0.0127190786179
1.0	0.0127190786179
1.0	0.0127178049269
1.0	0.0127178049269
1.0	0.0127178049269
1.0	0.0127178049269
1.0	0.0127178049269
1.0	0.0127178049269
1.0	0.0127178049269
1.0	0.0127178049269
1.0	0.0127165314909
1.0	0.0127165314909
1.0	0.0127165314909
1.0	0.0127165314909
1.0	0.0127165314909
1.0	0.0127165314909
1.0	0.0127165314909
1.0	0.0127165314909
1.0	0.0127139853839
1.0	0.0127139853839
1.0	0.0127127127127
1.0	0.0127114402963
1.0	0.0127114402963
1.0	0.0127114402963
1.0	0.0127114402963
1.0	0.0127101681345
1.0	0.0127088962274
1.0	0.0127088962274
1.0	0.0127088962274
1.0	0.0127088962274
1.0	0.0127088962274
1.0	0.0127088962274
1.0	0.0127088962274
1.0	0.0127088962274
1.0	0.0127088962274
1.0	0.0127088962274
1.0	0.0127076245747
1.0	0.0127076245747
1.0	0.0127076245747
1.0	0.0127076245747
1.0	0.0127076245747
1.0	0.0127076245747
1.0	0.0127076245747
1.0	0.0127076245747
1.0	0.0127050820328
1.0	0.0127050820328
1.0	0.0127050820328
1.0	0.0127050820328
1.0	0.0127038111433
1.0	0.0127038111433
1.0	0.0127038111433
1.0	0.0127038111433
1.0	0.0127038111433
1.0	0.0127038111433
1.0	0.0127038111433
1.0	0.0127038111433
1.0	0.0127038111433
1.0	0.0127038111433
1.0	0.0127038111433
1.0	0.0127038111433
1.0	0.0127038111433
1.0	0.0127038111433
1.0	0.0127038111433
1.0	0.0127038111433
1.0	0.0127038111433
1.0	0.0127038111433
1.0	0.0127025405081
1.0	0.0127025405081
1.0	0.0127025405081
1.0	0.0127025405081
1.0	0.0127025405081
1.0	0.0127025405081
1.0	0.0127025405081
1.0	0.0127025405081
1.0	0.0127025405081
1.0	0.0127025405081
1.0	0.0127025405081
1.0	0.0127025405081
1.0	0.0127025405081
1.0	0.0127025405081
1.0	0.0127025405081
1.0	0.0127025405081
1.0	0.0127025405081
1.0	0.0127025405081
1.0	0.0127025405081
1.0	0.0127025405081
1.0	0.0127025405081
1.0	0.0127025405081
1.0	0.0127025405081
1.0	0.0127025405081
1.0	0.0127025405081
1.0	0.012701270127
1.0	0.012701270127
1.0	0.012701270127
1.0	0.012701270127
1.0	0.012701270127
1.0	0.012701270127
1.0	0.012701270127
1.0	0.012701270127
1.0	0.012701270127
1.0	0.012701270127
1.0	0.012701270127
1.0	0.012701270127
1.0	0.012701270127
1.0	0.012701270127
1.0	0.012701270127
1.0	0.012701270127
1.0	0.012701270127
1.0	0.012701270127
1.0	0.0127
