0.00787401574803	1.0
0.00787401574803	1.0
0.00787401574803	1.0
0.0157480314961	1.0
0.0157480314961	1.0
0.0157480314961	1.0
0.0157480314961	1.0
0.0157480314961	1.0
0.0157480314961	1.0
0.0157480314961	1.0
0.0157480314961	1.0
0.0157480314961	1.0
0.0157480314961	1.0
0.0157480314961	1.0
0.0157480314961	1.0
0.0157480314961	1.0
0.0157480314961	1.0
0.0157480314961	1.0
0.0157480314961	1.0
0.0157480314961	1.0
0.0157480314961	1.0
0.0157480314961	1.0
0.0157480314961	1.0
0.0157480314961	1.0
0.0157480314961	1.0
0.0157480314961	1.0
0.0157480314961	1.0
0.0157480314961	1.0
0.0157480314961	1.0
0.0157480314961	1.0
0.0157480314961	1.0
0.0157480314961	1.0
0.0236220472441	1.0
0.0236220472441	1.0
0.0236220472441	1.0
0.0236220472441	1.0
0.0236220472441	1.0
0.0236220472441	1.0
0.0236220472441	1.0
0.0236220472441	1.0
0.0236220472441	1.0
0.0236220472441	1.0
0.0236220472441	1.0
0.0236220472441	1.0
0.0236220472441	1.0
0.0236220472441	1.0
0.0236220472441	1.0
0.0236220472441	1.0
0.0236220472441	1.0
0.0236220472441	1.0
0.0236220472441	1.0
0.0236220472441	1.0
0.0236220472441	1.0
0.0236220472441	1.0
0.0236220472441	1.0
0.0236220472441	1.0
0.0236220472441	1.0
0.0236220472441	1.0
0.0314960629921	1.0
0.0314960629921	1.0
0.0314960629921	1.0
0.0314960629921	1.0
0.0314960629921	1.0
0.0314960629921	1.0
0.0314960629921	1.0
0.0314960629921	1.0
0.0314960629921	1.0
0.0472440944882	1.0
0.0472440944882	1.0
0.0472440944882	1.0
0.0472440944882	1.0
0.0472440944882	1.0
0.0551181102362	1.0
0.0551181102362	1.0
0.0551181102362	1.0
0.0551181102362	1.0
0.0629921259843	1.0
0.0629921259843	1.0
0.0629921259843	1.0
0.0629921259843	1.0
0.0629921259843	1.0
0.0629921259843	1.0
0.0629921259843	1.0
0.0629921259843	1.0
0.0629921259843	1.0
0.0629921259843	1.0
0.0629921259843	1.0
0.0629921259843	1.0
0.0629921259843	1.0
0.0629921259843	1.0
0.0629921259843	1.0
0.0629921259843	1.0
0.0629921259843	1.0
0.0787401574803	1.0
0.0787401574803	1.0
0.0787401574803	1.0
0.0787401574803	1.0
0.0787401574803	1.0
0.0787401574803	1.0
0.0787401574803	1.0
0.0787401574803	1.0
0.0787401574803	1.0
0.0787401574803	1.0
0.0787401574803	1.0
0.0866141732283	1.0
0.0866141732283	1.0
0.0866141732283	1.0
0.0944881889764	1.0
0.0944881889764	1.0
0.0944881889764	1.0
0.0944881889764	1.0
0.0944881889764	1.0
0.0944881889764	1.0
0.0944881889764	1.0
0.102362204724	1.0
0.102362204724	1.0
0.102362204724	1.0
0.102362204724	0.928571428571
0.102362204724	0.928571428571
0.102362204724	0.928571428571
0.102362204724	0.928571428571
0.102362204724	0.928571428571
0.102362204724	0.928571428571
0.102362204724	0.928571428571
0.102362204724	0.928571428571
0.102362204724	0.928571428571
0.102362204724	0.928571428571
0.102362204724	0.928571428571
0.110236220472	0.933333333333
0.110236220472	0.933333333333
0.110236220472	0.933333333333
0.125984251969	0.941176470588
0.125984251969	0.941176470588
0.133858267717	0.944444444444
0.133858267717	0.944444444444
0.133858267717	0.944444444444
0.141732283465	0.947368421053
0.141732283465	0.947368421053
0.141732283465	0.947368421053
0.141732283465	0.947368421053
0.141732283465	0.947368421053
0.141732283465	0.947368421053
0.141732283465	0.9
0.141732283465	0.9
0.141732283465	0.9
0.141732283465	0.9
0.149606299213	0.904761904762
0.149606299213	0.904761904762
0.149606299213	0.904761904762
0.149606299213	0.904761904762
0.157480314961	0.909090909091
0.157480314961	0.909090909091
0.157480314961	0.909090909091
0.165354330709	0.913043478261
0.165354330709	0.913043478261
0.165354330709	0.913043478261
0.165354330709	0.875
0.165354330709	0.875
0.165354330709	0.875
0.173228346457	0.88
0.173228346457	0.846153846154
0.173228346457	0.846153846154
0.173228346457	0.846153846154
0.173228346457	0.846153846154
0.173228346457	0.846153846154
0.173228346457	0.846153846154
0.173228346457	0.846153846154
0.173228346457	0.814814814815
0.173228346457	0.785714285714
0.173228346457	0.785714285714
0.181102362205	0.793103448276
0.181102362205	0.766666666667
0.181102362205	0.766666666667
0.181102362205	0.71875
0.181102362205	0.71875
0.181102362205	0.71875
0.181102362205	0.71875
0.181102362205	0.71875
0.181102362205	0.71875
0.181102362205	0.71875
0.181102362205	0.71875
0.181102362205	0.71875
0.181102362205	0.71875
0.181102362205	0.71875
0.181102362205	0.71875
0.181102362205	0.71875
0.188976377953	0.727272727273
0.188976377953	0.727272727273
0.188976377953	0.727272727273
0.188976377953	0.727272727273
0.188976377953	0.705882352941
0.188976377953	0.666666666667
0.188976377953	0.666666666667
0.188976377953	0.666666666667
0.188976377953	0.666666666667
0.188976377953	0.666666666667
0.188976377953	0.631578947368
0.188976377953	0.6
0.188976377953	0.6
0.188976377953	0.6
0.188976377953	0.571428571429
0.188976377953	0.571428571429
0.188976377953	0.571428571429
0.188976377953	0.558139534884
0.196850393701	0.54347826087
0.196850393701	0.531914893617
0.196850393701	0.5
0.196850393701	0.480769230769
0.204724409449	0.490566037736
0.204724409449	0.481481481481
0.204724409449	0.464285714286
0.204724409449	0.464285714286
0.204724409449	0.456140350877
0.212598425197	0.457627118644
0.212598425197	0.44262295082
0.212598425197	0.428571428571
0.212598425197	0.428571428571
0.228346456693	0.439393939394
0.228346456693	0.439393939394
0.228346456693	0.426470588235
0.228346456693	0.391891891892
0.228346456693	0.381578947368
0.228346456693	0.381578947368
0.228346456693	0.376623376623
0.228346456693	0.367088607595
0.228346456693	0.358024691358
0.228346456693	0.337209302326
0.244094488189	0.333333333333
0.244094488189	0.329787234043
0.244094488189	0.329787234043
0.244094488189	0.326315789474
0.251968503937	0.326530612245
0.251968503937	0.326530612245
0.251968503937	0.323232323232
0.251968503937	0.316831683168
0.251968503937	0.283185840708
0.251968503937	0.278260869565
0.259842519685	0.272727272727
0.259842519685	0.268292682927
0.259842519685	0.266129032258
0.267716535433	0.272
0.267716535433	0.265625
0.267716535433	0.263565891473
0.267716535433	0.261538461538
0.267716535433	0.259541984733
0.275590551181	0.261194029851
0.275590551181	0.257352941176
0.275590551181	0.25
0.275590551181	0.243055555556
0.283464566929	0.241610738255
0.283464566929	0.233766233766
0.283464566929	0.230769230769
0.283464566929	0.227848101266
0.283464566929	0.225
0.283464566929	0.220858895706
0.283464566929	0.219512195122
0.291338582677	0.218934911243
0.291338582677	0.216374269006
0.291338582677	0.207865168539
0.291338582677	0.204419889503
0.291338582677	0.20218579235
0.291338582677	0.198924731183
0.291338582677	0.196808510638
0.291338582677	0.189743589744
0.291338582677	0.185929648241
0.291338582677	0.180487804878
0.299212598425	0.181818181818
0.299212598425	0.178403755869
0.299212598425	0.176744186047
0.299212598425	0.173515981735
0.299212598425	0.170403587444
0.299212598425	0.167400881057
0.299212598425	0.163090128755
0.307086614173	0.163179916318
0.307086614173	0.159836065574
0.307086614173	0.155378486056
0.307086614173	0.153543307087
0.307086614173	0.151162790698
0.307086614173	0.14552238806
0.307086614173	0.139285714286
0.307086614173	0.137323943662
0.314960629921	0.13698630137
0.314960629921	0.135135135135
0.322834645669	0.133986928105
0.330708661417	0.132911392405
0.330708661417	0.128440366972
0.330708661417	0.126506024096
0.330708661417	0.125373134328
0.330708661417	0.121387283237
0.330708661417	0.119318181818
0.330708661417	0.116991643454
0.330708661417	0.115384615385
0.338582677165	0.116847826087
0.338582677165	0.114058355438
0.338582677165	0.113157894737
0.338582677165	0.110824742268
0.354330708661	0.11421319797
0.354330708661	0.111662531017
0.362204724409	0.110843373494
0.362204724409	0.109004739336
0.362204724409	0.106976744186
0.362204724409	0.105504587156
0.362204724409	0.103370786517
0.362204724409	0.102449888641
0.362204724409	0.1
0.377952755906	0.102127659574
0.377952755906	0.0997920997921
0.377952755906	0.0977596741344
0.377952755906	0.0956175298805
0.377952755906	0.0948616600791
0.377952755906	0.0939334637965
0.377952755906	0.0917782026769
0.377952755906	0.0902255639098
0.377952755906	0.0879120879121
0.377952755906	0.0869565217391
0.377952755906	0.0852575488455
0.377952755906	0.0837696335079
0.385826771654	0.0840480274443
0.385826771654	0.0822147651007
0.393700787402	0.0825082508251
0.393700787402	0.0809061488673
0.393700787402	0.0794912559618
0.393700787402	0.0780031201248
0.393700787402	0.0766871165644
0.40157480315	0.0771558245083
0.40157480315	0.0762331838565
0.40157480315	0.074780058651
0.40157480315	0.073275862069
0.40157480315	0.0723404255319
0.40157480315	0.0714285714286
0.40157480315	0.0699588477366
0.409448818898	0.0700808625337
0.417322834646	0.0701986754967
0.417322834646	0.0692810457516
0.417322834646	0.0680359435173
0.417322834646	0.0669191919192
0.417322834646	0.0656753407683
0.417322834646	0.0650306748466
0.417322834646	0.0643985419198
0.433070866142	0.0653983353151
0.433070866142	0.0642523364486
0.44094488189	0.0647398843931
0.44094488189	0.0634201585504
0.44094488189	0.0628507295174
0.456692913386	0.0643015521064
0.456692913386	0.0630434782609
0.456692913386	0.0623655913978
0.464566929134	0.061974789916
0.464566929134	0.0611398963731
0.464566929134	0.0601427115189
0.464566929134	0.059
0.464566929134	0.0580708661417
0.48031496063	0.0588235294118
0.48031496063	0.058039961941
0.48031496063	0.0573847601129
0.48031496063	0.056586270872
0.48031496063	0.0558096980787
0.488188976378	0.0561085972851
0.488188976378	0.0551111111111
0.488188976378	0.0541484716157
0.488188976378	0.0529010238908
0.488188976378	0.0521008403361
0.488188976378	0.0510708401977
0.488188976378	0.0502431118314
0.488188976378	0.0494023904382
0.496062992126	0.0496062992126
0.496062992126	0.0487238979118
0.496062992126	0.0479087452471
0.496062992126	0.0473328324568
0.496062992126	0.0467359050445
0.496062992126	0.0462555066079
0.496062992126	0.0458515283843
0.496062992126	0.0452261306533
0.496062992126	0.0448398576512
0.496062992126	0.0444915254237
0.496062992126	0.0438413361169
0.496062992126	0.0431802604524
0.496062992126	0.0426251691475
0.511811023622	0.0433622414943
0.511811023622	0.0425671250819
0.511811023622	0.0421530479896
0.511811023622	0.0415335463259
0.511811023622	0.0409577819786
0.511811023622	0.0407013149656
0.511811023622	0.0402227722772
0.511811023622	0.0397067806964
0.511811023622	0.0392275196138
0.51968503937	0.0394265232975
0.51968503937	0.0386190754827
0.51968503937	0.0383497966299
0.51968503937	0.0380403458213
0.51968503937	0.0376927470017
0.527559055118	0.0377677564825
0.527559055118	0.0373051224944
0.527559055118	0.0367526055952
0.527559055118	0.0363537710255
0.527559055118	0.0359828141783
0.535433070866	0.0361509835194
0.535433070866	0.0358460727464
0.535433070866	0.0353246753247
0.535433070866	0.0349974266598
0.535433070866	0.0345352971051
0.535433070866	0.034188034188
0.535433070866	0.0337636544191
0.543307086614	0.0339566929134
0.543307086614	0.033462657614
0.543307086614	0.0332369942197
0.543307086614	0.0329985652798
0.543307086614	0.0327324478178
0.543307086614	0.0324858757062
0.543307086614	0.0321528424977
0.551181102362	0.032154340836
0.566929133858	0.0325939339067
0.582677165354	0.0332136445242
0.582677165354	0.0329474621549
0.582677165354	0.0327144120248
0.582677165354	0.0323426573427
0.582677165354	0.0321041214751
0.582677165354	0.0318690783807
0.582677165354	0.0315699658703
0.582677165354	0.0312104597216
0.582677165354	0.0308461859108
0.582677165354	0.0307053941909
0.582677165354	0.0304401480872
0.582677165354	0.0301794453507
0.582677165354	0.0299231702386
0.582677165354	0.0296355626752
0.582677165354	0.0293417922284
0.582677165354	0.0291568163909
0.582677165354	0.0288836846214
0.582677165354	0.0286932919736
0.582677165354	0.0284287360738
0.582677165354	0.0280621918847
0.582677165354	0.0277777777778
0.590551181102	0.0279642058166
0.590551181102	0.0277366863905
0.590551181102	0.0274926686217
0.590551181102	0.0271640709888
0.59842519685	0.0273184759166
0.614173228346	0.027787673673
0.614173228346	0.0275326509001
0.614173228346	0.0273876404494
0.622047244094	0.0275453277545
0.622047244094	0.0273545706371
0.622047244094	0.0271198077583
0.622047244094	0.0268981954375
0.622047244094	0.0266891891892
0.622047244094	0.0265635507734
0.622047244094	0.0262720319255
0.622047244094	0.026055408971
0.629921259843	0.0262037340321
0.629921259843	0.0260331923202
0.629921259843	0.0258064516129
0.629921259843	0.0255264837269
0.637795275591	0.0256491450285
0.637795275591	0.0254476908577
0.637795275591	0.0253125
0.637795275591	0.0251630941286
0.637795275591	0.0249922863314
0.637795275591	0.0248237817959
0.637795275591	0.0246650426309
0.637795275591	0.0244639081848
0.637795275591	0.024236983842
0.637795275591	0.0240856378234
0.637795275591	0.0239644970414
0.637795275591	0.0237745817435
0.637795275591	0.0236151603499
0.637795275591	0.0234578627281
0.637795275591	0.023309352518
0.637795275591	0.0231825987407
0.637795275591	0.0229917683792
0.637795275591	0.0227272727273
0.637795275591	0.0225501113586
0.637795275591	0.0223509933775
0.637795275591	0.0221917808219
0.637795275591	0.0220588235294
0.653543307087	0.0224324324324
0.653543307087	0.022192513369
0.653543307087	0.0220100769027
0.661417322835	0.0221577420206
0.661417322835	0.0220588235294
0.669291338583	0.0222396650968
0.669291338583	0.022015022015
0.669291338583	0.021935483871
0.669291338583	0.0217725409836
0.669291338583	0.0216284987277
0.685039370079	0.0220141700405
0.685039370079	0.0218045112782
0.685039370079	0.0216310293386
0.685039370079	0.021449704142
0.685039370079	0.0213287570483
0.685039370079	0.0211730348017
0.685039370079	0.0209942084942
0.685039370079	0.0208733205374
0.685039370079	0.0207835642618
0.685039370079	0.0206503679089
0.692913385827	0.0207792207792
0.692913385827	0.0206040739874
0.692913385827	0.0204698767155
0.692913385827	0.0203421174295
0.692913385827	0.0202205882353
0.692913385827	0.0201234850217
0.692913385827	0.0199909132213
0.692913385827	0.0198600767321
0.692913385827	0.0197442225712
0.700787401575	0.0198218262806
0.700787401575	0.0197295499889
0.708661417323	0.0197889182058
0.708661417323	0.0196678321678
0.708661417323	0.0195694716243
0.708661417323	0.0194342474628
0.708661417323	0.0193174500966
0.716535433071	0.0194112627986
0.748031496063	0.0201441899915
0.748031496063	0.0200168563
0.748031496063	0.019882796149
0.748031496063	0.0197793046013
0.748031496063	0.0196605960265
0.748031496063	0.0195352662965
0.748031496063	0.0193837992246
0.748031496063	0.0192971765184
0.748031496063	0.0192074403558
0.748031496063	0.0191069991955
0.748031496063	0.0190457097033
0.755905511811	0.0191425722832
0.755905511811	0.0190136660725
0.755905511811	0.0189311772826
0.755905511811	0.0188605108055
0.755905511811	0.0187426786412
0.755905511811	0.018691588785
0.755905511811	0.0186082574142
0.755905511811	0.0184971098266
0.763779527559	0.0186073278343
0.763779527559	0.0185432995603
0.763779527559	0.0184270516717
0.763779527559	0.018343419062
0.763779527559	0.0182296560797
0.763779527559	0.0181105302465
0.763779527559	0.018029739777
0.779527559055	0.018316373728
0.787401574803	0.0184060371802
0.787401574803	0.0182848784056
0.787401574803	0.0181884321571
0.787401574803	0.0181356546971
0.787401574803	0.0180342651037
0.787401574803	0.0179179358538
0.787401574803	0.0178284899269
0.787401574803	0.0177493787717
0.787401574803	0.0176118351532
0.787401574803	0.0175530981218
0.787401574803	0.0174520069808
0.787401574803	0.0173792144595
0.787401574803	0.0172980453209
0.787401574803	0.0172384071712
0.787401574803	0.0171909919202
0.787401574803	0.0171556013038
0.787401574803	0.0170648464164
0.787401574803	0.0169865806013
0.787401574803	0.0169348010161
0.787401574803	0.0168293503871
0.787401574803	0.0167476134651
0.787401574803	0.0166833500167
0.787401574803	0.0166389351082
0.787401574803	0.0165480721496
0.795275590551	0.0166666666667
0.795275590551	0.0165981922761
0.795275590551	0.016522165876
0.803149606299	0.0165961601041
0.803149606299	0.0165128703254
0.811023622047	0.0165861513688
0.811023622047	0.0164984782957
0.811023622047	0.0164431673052
0.811023622047	0.0163569953946
0.811023622047	0.0163026274137
0.811023622047	0.0162255828607
0.811023622047	0.0161670067493
0.811023622047	0.0160661363282
0.811023622047	0.0160161716685
0.811023622047	0.0159615682628
0.811023622047	0.0158950617284
0.811023622047	0.0158339738663
0.811023622047	0.0157806036464
0.811023622047	0.0157323965175
0.811023622047	0.0156916514321
0.811023622047	0.0156416097191
0.811023622047	0.0155800937831
0.811023622047	0.0155167219042
0.811023622047	0.0154585021762
0.811023622047	0.0153984153087
0.811023622047	0.0153296621521
0.811023622047	0.0152637818613
0.811023622047	0.0152074413111
0.811023622047	0.0151470588235
0.811023622047	0.0150871539476
0.811023622047	0.0150364963504
0.811023622047	0.0149949046441
0.818897637795	0.0150768338649
0.818897637795	0.0150072150072
0.818897637795	0.0149511213341
0.818897637795	0.0149146708734
0.818897637795	0.0148656375071
0.818897637795	0.0148190367626
0.818897637795	0.0147853284049
0.826771653543	0.0148830616584
0.826771653543	0.0148346990675
0.826771653543	0.0147804054054
0.826771653543	0.0147451200674
0.826771653543	0.0147017642117
0.826771653543	0.0146525258164
0.826771653543	0.0146280300919
0.826771653543	0.0145894122551
0.826771653543	0.0145509977827
0.826771653543	0.0145248305436
0.826771653543	0.0144568360182
0.826771653543	0.014429022949
0.826771653543	0.0143973673385
0.826771653543	0.0143560295324
0.826771653543	0.0143071263115
0.834645669291	0.0143865363735
0.834645669291	0.0143553629469
0.834645669291	0.0143049932524
0.834645669291	0.0142511427803
0.834645669291	0.0142262783519
0.834645669291	0.0141806020067
0.834645669291	0.0141540926692
0.834645669291	0.0141182738412
0.834645669291	0.0140695513671
0.842519685039	0.0141571844403
0.842519685039	0.0141216840438
0.842519685039	0.0140937829294
0.842519685039	0.0140493697479
0.842519685039	0.0140015702696
0.842519685039	0.0139668450594
0.858267716535	0.0142001042209
0.858267716535	0.0141503310399
0.874015748031	0.0143614956657
0.889763779528	0.0145656096932
0.889763779528	0.0145281563384
0.897637795276	0.0146153846154
0.897637795276	0.0145742776783
0.897637795276	0.014544526665
0.897637795276	0.014505662298
0.897637795276	0.0144651693947
0.897637795276	0.0144322066084
0.897637795276	0.0143794147326
0.897637795276	0.0143414265945
0.897637795276	0.0143108209892
0.897637795276	0.0142660493055
0.897637795276	0.0142410993129
0.897637795276	0.0142126916843
0.897637795276	0.0141720537046
0.897637795276	0.0141316474526
0.897637795276	0.0140914709518
0.897637795276	0.014061921796
0.897637795276	0.014035951736
0.897637795276	0.0140083558614
0.897637795276	0.0139877300613
0.897637795276	0.01397572637
0.905511811024	0.0140741647289
0.905511811024	0.0140483752749
0.905511811024	0.0140021916474
0.905511811024	0.0139885658679
0.905511811024	0.0139647844566
0.905511811024	0.0139343269114
0.905511811024	0.0139040019345
0.905511811024	0.013885534895
0.905511811024	0.0138470800722
0.905511811024	0.0138287638288
0.905511811024	0.0138088376561
0.905511811024	0.0137642130461
0.905511811024	0.0137362637363
0.905511811024	0.0137035271687
0.905511811024	0.0136709462672
0.905511811024	0.0136514719848
0.905511811024	0.013627207015
0.905511811024	0.0135982026723
0.913385826772	0.013669573415
0.913385826772	0.0136310223267
0.92125984252	0.0137130801688
0.92125984252	0.013689013689
0.92125984252	0.0136618402616
0.92125984252	0.0136300093197
0.92125984252	0.0136062332829
0.92125984252	0.0135778113032
0.92125984252	0.0135620725629
0.92125984252	0.0135275754422
0.92125984252	0.0134854771784
0.92125984252	0.013459105027
0.92125984252	0.01342204887
0.92125984252	0.0133928571429
0.92125984252	0.0133744855967
0.92125984252	0.0133546398813
0.92125984252	0.0133470225873
0.92125984252	0.0133257403189
0.92125984252	0.0132909235488
0.92125984252	0.01326380229
0.92125984252	0.0132487826973
0.92125984252	0.0132337970818
0.929133858268	0.0133137763737
0.929133858268	0.0132778215371
0.929133858268	0.0132599168446
0.929133858268	0.0132361189007
0.937007874016	0.0133228840125
0.937007874016	0.0133094732133
0.937007874016	0.0132856983365
0.937007874016	0.0132560989195
0.937007874016	0.013244296049
0.937007874016	0.0132163482896
0.937007874016	0.0132075471698
0.937007874016	0.0131943674465
0.937007874016	0.013169544046
0.937007874016	0.0131462660186
0.937007874016	0.0131288614298
0.937007874016	0.0131115028647
0.937007874016	0.0130956311214
0.937007874016	0.0130869899923
0.937007874016	0.0130697419001
0.937007874016	0.0130525392125
0.937007874016	0.0130296726158
0.937007874016	0.0130211182843
0.937007874016	0.0130097299661
0.937007874016	0.0129912663755
0.937007874016	0.0129770992366
0.937007874016	0.012962962963
0.937007874016	0.0129488574538
0.944881889764	0.0130420606456
0.944881889764	0.0130335614207
0.944881889764	0.0130208333333
0.944881889764	0.0130081300813
0.944881889764	0.0130010834236
0.952755905512	0.013089571614
0.952755905512	0.0130754268424
0.952755905512	0.0130641330166
0.952755905512	0.0130458221024
0.952755905512	0.0130233559359
0.952755905512	0.0130065570246
0.952755905512	0.0129925910018
0.952755905512	0.0129772629773
0.952755905512	0.0129564193168
0.952755905512	0.0129425607017
0.952755905512	0.0129273504274
0.96062992126	0.0130258381379
0.96062992126	0.0130133333333
0.96062992126	0.0129980822502
0.96062992126	0.0129911617506
0.96062992126	0.0129856306546
0.96062992126	0.0129690655895
0.968503937008	0.0130656469089
0.968503937008	0.01305593886
0.968503937008	0.0130476291503
0.968503937008	0.0130310414239
0.968503937008	0.0130200063512
0.968503937008	0.0130144958205
0.968503937008	0.0130034887409
0.968503937008	0.0129966187658
0.968503937008	0.01298290057
0.968503937008	0.0129760523262
0.968503937008	0.0129623774897
0.984251968504	0.0131565098411
0.984251968504	0.0131495897328
0.984251968504	0.0131357713325
0.984251968504	0.0131288730175
0.984251968504	0.0131164742917
0.984251968504	0.0131109712608
0.984251968504	0.0131027253669
0.992125984252	0.0131978632031
0.992125984252	0.0131937172775
0.992125984252	0.013179916318
0.992125984252	0.0131730266597
0.992125984252	0.0131633932303
0.992125984252	0.0131496556043
0.992125984252	0.0131332082552
0.992125984252	0.0131291028446
0.992125984252	0.0131154366608
0.992125984252	0.0130949906464
0.992125984252	0.0130813953488
0.992125984252	0.0130718954248
0.992125984252	0.0130678282514
0.992125984252	0.0130637636081
0.992125984252	0.0130542892665
0.992125984252	0.0130475302889
0.992125984252	0.0130421281441
0.992125984252	0.0130313372634
0.992125984252	0.0130272952854
0.992125984252	0.0130165289256
0.992125984252	0.0130057803468
0.992125984252	0.0130004127115
0.992125984252	0.0129910300031
0.992125984252	0.0129843363561
0.992125984252	0.0129803234779
0.992125984252	0.0129709697344
0.992125984252	0.0129656307882
0.992125984252	0.0129469790382
0.992125984252	0.0129363449692
0.992125984252	0.0129257283545
0.992125984252	0.0129204265792
0.992125984252	0.012916453101
0.992125984252	0.0129058690976
0.992125984252	0.0128992628993
0.992125984252	0.012893982808
0.992125984252	0.0128913443831
0.992125984252	0.0128887070376
0.992125984252	0.0128860707711
0.992125984252	0.0128847530422
0.992125984252	0.0128781684383
0.992125984252	0.0128781684383
0.992125984252	0.0128676470588
0.992125984252	0.0128676470588
0.992125984252	0.0128650193996
0.992125984252	0.0128545194858
0.992125984252	0.0128505864355
0.992125984252	0.0128479657388
0.992125984252	0.012841418671
0.992125984252	0.0128361858191
0.992125984252	0.0128309572301
0.992125984252	0.0128270385829
0.992125984252	0.0128244274809
0.992125984252	0.0128231223285
0.992125984252	0.012812690665
0.992125984252	0.0128087831656
0.992125984252	0.0128035768723
0.992125984252	0.0128009753124
0.992125984252	0.0127931769723
0.992125984252	0.0127918781726
0.992125984252	0.0127905796366
0.992125984252	0.0127879833553
0.992125984252	0.0127866856099
0.992125984252	0.0127814972611
0.992125984252	0.0127776087618
0.992125984252	0.0127737226277
0.992125984252	0.0127659574468
0.992125984252	0.0127646641678
0.992125984252	0.0127646641678
0.992125984252	0.0127607859024
0.992125984252	0.0127556185463
0.992125984252	0.0127517457747
0.992125984252	0.0127491652332
0.992125984252	0.0127478753541
0.992125984252	0.0127452963787
0.992125984252	0.0127414298716
0.992125984252	0.0127401415571
0.992125984252	0.0127375657097
0.992125984252	0.0127337038909
0.992125984252	0.0127311306457
0.992125984252	0.0127272727273
0.992125984252	0.0127234171463
0.992125984252	0.0127208480565
0.992125984252	0.0127169963666
0.992125984252	0.0127157129882
0.992125984252	0.0127118644068
0.992125984252	0.012710582064
0.992125984252	0.0127092999798
0.992125984252	0.0127080181543
0.992125984252	0.0127067365873
0.992125984252	0.0127041742287
0.992125984252	0.0127028934368
0.992125984252	0.0126990526104
0.992125984252	0.0126990526104
0.992125984252	0.0126964933495
0.992125984252	0.012691377921
0.992125984252	0.012691377921
0.992125984252	0.0126888217523
0.992125984252	0.012687544054
0.992125984252	0.012686266613
0.992125984252	0.0126837125025
0.992125984252	0.0126837125025
0.992125984252	0.0126824358329
0.992125984252	0.0126798832646
0.992125984252	0.0126786073657
0.992125984252	0.0126747812091
0.992125984252	0.0126684094108
0.992125984252	0.0126620440157
0.992125984252	0.0126594996483
0.992125984252	0.0126582278481
0.992125984252	0.0126582278481
0.992125984252	0.0126582278481
0.992125984252	0.0126582278481
0.992125984252	0.0126556850141
0.992125984252	0.0126556850141
0.992125984252	0.0126544139801
0.992125984252	0.0126544139801
0.992125984252	0.012651872678
0.992125984252	0.012651872678
0.992125984252	0.0126493323963
0.992125984252	0.0126493323963
0.992125984252	0.0126493323963
0.992125984252	0.0126467931346
0.992125984252	0.012645523886
0.992125984252	0.012645523886
0.992125984252	0.012645523886
0.992125984252	0.012645523886
0.992125984252	0.0126417176683
0.992125984252	0.0126404494382
0.992125984252	0.0126404494382
0.992125984252	0.0126404494382
1.0	0.0127369371176
1.0	0.0127369371176
1.0	0.0127343828337
1.0	0.0127318295739
1.0	0.0127292773379
1.0	0.0127280016035
1.0	0.0127267261249
1.0	0.0127267261249
1.0	0.0127267261249
1.0	0.0127254509018
1.0	0.0127254509018
1.0	0.0127254509018
1.0	0.0127254509018
1.0	0.0127241759343
1.0	0.0127241759343
1.0	0.0127229012222
1.0	0.0127229012222
1.0	0.0127229012222
1.0	0.0127229012222
1.0	0.0127229012222
1.0	0.0127229012222
1.0	0.0127229012222
1.0	0.0127229012222
1.0	0.0127203525641
1.0	0.0127203525641
1.0	0.0127203525641
1.0	0.0127203525641
1.0	0.0127203525641
1.0	0.0127190786179
1.0	0.0127190786179
1.0	0.0127178049269
1.0	0.0127178049269
1.0	0.0127178049269
1.0	0.0127178049269
1.0	0.0127178049269
1.0	0.0127178049269
1.0	0.0127165314909
1.0	0.0127165314909
1.0	0.0127165314909
1.0	0.0127165314909
1.0	0.0127165314909
1.0	0.0127165314909
1.0	0.0127139853839
1.0	0.0127127127127
1.0	0.0127114402963
1.0	0.0127114402963
1.0	0.0127114402963
1.0	0.0127088962274
1.0	0.0127088962274
1.0	0.0127088962274
1.0	0.0127088962274
1.0	0.0127088962274
1.0	0.0127088962274
1.0	0.0127088962274
1.0	0.0127076245747
1.0	0.0127076245747
1.0	0.0127076245747
1.0	0.0127076245747
1.0	0.0127076245747
1.0	0.0127076245747
1.0	0.0127050820328
1.0	0.0127050820328
1.0	0.0127038111433
1.0	0.0127038111433
1.0	0.0127038111433
1.0	0.0127038111433
1.0	0.0127038111433
1.0	0.0127038111433
1.0	0.0127038111433
1.0	0.0127038111433
1.0	0.0127038111433
1.0	0.0127038111433
1.0	0.0127038111433
1.0	0.0127038111433
1.0	0.0127038111433
1.0	0.0127025405081
1.0	0.0127025405081
1.0	0.0127025405081
1.0	0.0127025405081
1.0	0.0127025405081
1.0	0.0127025405081
1.0	0.0127025405081
1.0	0.0127025405081
1.0	0.0127025405081
1.0	0.0127025405081
1.0	0.0127025405081
1.0	0.0127025405081
1.0	0.0127025405081
1.0	0.0127025405081
1.0	0.0127025405081
1.0	0.0127025405081
1.0	0.0127025405081
1.0	0.012701270127
1.0	0.012701270127
1.0	0.012701270127
1.0	0.012701270127
1.0	0.012701270127
1.0	0.012701270127
1.0	0.012701270127
1.0	0.012701270127
1.0	0.012701270127
1.0	0.012701270127
1.0	0.012701270127
1.0	0.012701270127
1.0	0.0127
