1.0	0.200160128102
1.0	0.200160128102
1.0	0.200160128102
1.0	0.200160128102
1.0	0.200160128102
1.0	0.200160128102
1.0	0.200160128102
1.0	0.200160128102
1.0	0.200160128102
1.0	0.200160128102
1.0	0.200160128102
1.0	0.200160128102
1.0	0.200160128102
1.0	0.200160128102
1.0	0.200160128102
1.0	0.200160128102
1.0	0.200320512821
1.0	0.200320512821
1.0	0.200320512821
1.0	0.200320512821
1.0	0.200320512821
1.0	0.200320512821
1.0	0.200320512821
1.0	0.200320512821
1.0	0.200320512821
1.0	0.200320512821
1.0	0.200320512821
1.0	0.200320512821
1.0	0.200320512821
1.0	0.200320512821
1.0	0.200481154771
1.0	0.200481154771
1.0	0.200481154771
1.0	0.200481154771
1.0	0.200481154771
1.0	0.200481154771
1.0	0.200481154771
1.0	0.200481154771
1.0	0.200481154771
1.0	0.200481154771
1.0	0.200481154771
1.0	0.200481154771
1.0	0.200481154771
1.0	0.200481154771
1.0	0.200481154771
1.0	0.200481154771
1.0	0.200642054575
1.0	0.200642054575
1.0	0.200642054575
1.0	0.200642054575
1.0	0.200803212851
1.0	0.200803212851
1.0	0.200964630225
1.0	0.200964630225
1.0	0.200964630225
1.0	0.200964630225
1.0	0.200964630225
1.0	0.200964630225
1.0	0.200964630225
1.0	0.200964630225
1.0	0.200964630225
1.0	0.200964630225
1.0	0.200964630225
1.0	0.200964630225
1.0	0.200964630225
1.0	0.200964630225
1.0	0.201126307321
1.0	0.201126307321
1.0	0.201126307321
1.0	0.201126307321
1.0	0.201288244767
1.0	0.201288244767
1.0	0.201450443191
1.0	0.201450443191
1.0	0.201450443191
1.0	0.201450443191
1.0	0.201450443191
1.0	0.201450443191
1.0	0.201450443191
1.0	0.201450443191
1.0	0.201450443191
1.0	0.201612903226
1.0	0.201612903226
1.0	0.201775625504
1.0	0.201775625504
1.0	0.201775625504
1.0	0.201775625504
1.0	0.201775625504
1.0	0.201938610662
1.0	0.201938610662
1.0	0.201938610662
1.0	0.202101859337
1.0	0.202101859337
1.0	0.202101859337
1.0	0.202265372168
1.0	0.202593192869
1.0	0.202593192869
1.0	0.202593192869
1.0	0.202593192869
1.0	0.202593192869
1.0	0.202593192869
1.0	0.203086921202
1.0	0.203086921202
1.0	0.20325203252
1.0	0.203748981255
1.0	0.203748981255
1.0	0.203748981255
1.0	0.203748981255
1.0	0.203748981255
1.0	0.203915171289
1.0	0.204248366013
1.0	0.204248366013
1.0	0.204415372036
1.0	0.204582651391
1.0	0.20475020475
1.0	0.204918032787
1.0	0.205086136177
1.0	0.205086136177
1.0	0.205086136177
1.0	0.205086136177
1.0	0.205086136177
1.0	0.205254515599
1.0	0.205254515599
1.0	0.205254515599
1.0	0.205423171734
1.0	0.205592105263
1.0	0.205592105263
1.0	0.205592105263
1.0	0.205761316872
1.0	0.205761316872
1.0	0.205930807249
1.0	0.205930807249
1.0	0.206100577082
1.0	0.206270627063
1.0	0.206953642384
1.0	0.207125103563
1.0	0.207296849088
1.0	0.207641196013
1.0	0.207641196013
1.0	0.207641196013
1.0	0.207641196013
1.0	0.208159866778
1.0	0.208333333333
1.0	0.208333333333
1.0	0.208507089241
1.0	0.208681135225
1.0	0.209030100334
1.0	0.209030100334
1.0	0.209731543624
1.0	0.210260723297
1.0	0.210260723297
1.0	0.210260723297
1.0	0.210437710438
1.0	0.210614995788
1.0	0.210614995788
1.0	0.210792580101
1.0	0.210970464135
1.0	0.211148648649
1.0	0.211505922166
1.0	0.211505922166
1.0	0.211685012701
1.0	0.211685012701
1.0	0.21186440678
1.0	0.212044105174
1.0	0.212404418012
1.0	0.212765957447
1.0	0.212765957447
1.0	0.213310580205
1.0	0.213310580205
1.0	0.213310580205
1.0	0.213492741247
1.0	0.213675213675
1.0	0.213857998289
1.0	0.213857998289
1.0	0.214408233276
1.0	0.214592274678
1.0	0.215146299484
1.0	0.215146299484
1.0	0.215703192407
1.0	0.216076058773
1.0	0.216076058773
1.0	0.217013888889
1.0	0.217580504787
1.0	0.217580504787
1.0	0.217580504787
1.0	0.217959895379
1.0	0.21815008726
1.0	0.218340611354
1.0	0.218722659668
1.0	0.220070422535
1.0	0.220264317181
1.0	0.220458553792
1.0	0.220848056537
1.0	0.221043324492
1.0	0.221238938053
1.0	0.22143489814
1.0	0.221827861579
1.0	0.222419928826
1.0	0.222816399287
1.0	0.223613595707
1.0	0.223813786929
1.0	0.223813786929
1.0	0.224618149146
1.0	0.225428313796
1.0	0.226039783002
1.0	0.227066303361
1.0	0.227686703097
1.0	0.227686703097
1.0	0.228728270814
1.0	0.228728270814
1.0	0.228728270814
1.0	0.229357798165
1.0	0.229357798165
1.0	0.229568411387
1.0	0.230627306273
1.0	0.231481481481
1.0	0.231910946197
1.0	0.232774674115
1.0	0.232991612302
1.0	0.233426704015
1.0	0.234082397004
1.0	0.234521575985
1.0	0.234521575985
1.0	0.235183443086
1.0	0.235183443086
1.0	0.235849056604
1.0	0.236966824645
1.0	0.237191650854
1.0	0.237642585551
1.0	0.23832221163
1.0	0.239234449761
0.996	0.239423076923
0.996	0.239653512993
0.996	0.241045498548
0.996	0.241982507289
0.996	0.242217898833
0.996	0.24269005848
0.996	0.243639921722
0.996	0.243878550441
0.996	0.244117647059
0.996	0.244837758112
0.996	0.245562130178
0.992	0.245059288538
0.992	0.246031746032
0.992	0.246766169154
0.992	0.248
0.992	0.248746238716
0.992	0.249246231156
0.992	0.249748237664
0.992	0.250505050505
0.992	0.251012145749
0.992	0.251266464032
0.992	0.251521298174
0.992	0.251776649746
0.992	0.25306122449
0.992	0.253319713994
0.992	0.25383828045
0.992	0.255406797116
0.992	0.256463288521
0.992	0.256463288521
0.992	0.256728778468
0.992	0.256994818653
0.992	0.256994818653
0.992	0.258064516129
0.992	0.258872651357
0.992	0.259685863874
0.992	0.260230849948
0.992	0.261052631579
0.988	0.261375661376
0.988	0.262486716259
0.984	0.262540021345
0.98	0.262593783494
0.98	0.263157894737
0.98	0.263440860215
0.98	0.264293419633
0.98	0.264864864865
0.976	0.264355362947
0.976	0.264929424539
0.976	0.265795206972
0.976	0.266958424508
0.976	0.267543859649
0.976	0.269018743109
0.976	0.269613259669
0.976	0.271111111111
0.976	0.272321428571
0.976	0.273236282195
0.976	0.27539503386
0.972	0.274576271186
0.972	0.275198187995
0.972	0.276765375854
0.972	0.277397260274
0.972	0.277714285714
0.968	0.277841561424
0.968	0.27816091954
0.968	0.278801843318
0.964	0.279258400927
0.964	0.281213535589
0.964	0.282201405152
0.964	0.28453364817
0.964	0.285207100592
0.964	0.286904761905
0.964	0.287933094385
0.964	0.28896882494
0.964	0.290711700844
0.964	0.291414752116
0.96	0.292326431181
0.96	0.292326431181
0.96	0.294478527607
0.96	0.296662546354
0.96	0.298879202989
0.96	0.299251870324
0.96	0.300375469337
0.96	0.30112923463
0.96	0.302648171501
0.96	0.304182509506
0.96	0.305732484076
0.96	0.307298335467
0.96	0.309278350515
0.96	0.31007751938
0.96	0.311284046693
0.96	0.311688311688
0.956	0.311603650587
0.956	0.314060446781
0.956	0.314060446781
0.956	0.315303430079
0.956	0.316556291391
0.956	0.318666666667
0.956	0.31909212283
0.956	0.319946452477
0.956	0.320805369128
0.956	0.322972972973
0.956	0.324287652646
0.956	0.326057298772
0.956	0.329201101928
0.956	0.330567081604
0.956	0.331944444444
0.952	0.333333333333
0.952	0.33615819209
0.948	0.335694050992
0.948	0.338571428571
0.944	0.33908045977
0.944	0.340548340548
0.944	0.341534008683
0.944	0.343522561863
0.944	0.347058823529
0.944	0.34808259587
0.944	0.349112426036
0.944	0.352765321375
0.944	0.354354354354
0.94	0.354449472097
0.94	0.35660091047
0.94	0.358778625954
0.94	0.361538461538
0.936	0.361669242658
0.936	0.363354037267
0.936	0.365054602184
0.928	0.365354330709
0.928	0.367088607595
0.928	0.367670364501
0.928	0.368839427663
0.928	0.370015948963
0.928	0.371794871795
0.928	0.373590982287
0.92	0.37216828479
0.92	0.373983739837
0.916	0.374795417349
0.916	0.376644736842
0.916	0.379767827529
0.908	0.380234505863
0.908	0.381512605042
0.908	0.382799325464
0.908	0.384745762712
0.908	0.3867120954
0.908	0.390705679862
0.908	0.392055267703
0.908	0.394782608696
0.908	0.396853146853
0.904	0.39649122807
0.9	0.401785714286
0.896	0.402877697842
0.896	0.405797101449
0.892	0.409174311927
0.892	0.412199630314
0.892	0.413729128015
0.888	0.418867924528
0.888	0.422053231939
0.884	0.422562141491
0.876	0.421153846154
0.872	0.420038535645
0.872	0.424124513619
0.872	0.428290766208
0.872	0.43253968254
0.868	0.432270916335
0.868	0.433133732535
0.868	0.434869739479
0.868	0.440162271805
0.864	0.44262295082
0.86	0.44885177453
0.86	0.449790794979
0.86	0.451680672269
0.86	0.45358649789
0.86	0.454545454545
0.86	0.460385438972
0.86	0.463362068966
0.86	0.466377440347
0.856	0.466230936819
0.856	0.469298245614
0.848	0.471111111111
0.844	0.475225225225
0.844	0.481735159817
0.844	0.482837528604
0.844	0.486175115207
0.844	0.489559164733
0.844	0.495305164319
0.844	0.5
0.844	0.501187648456
0.844	0.504784688995
0.844	0.50843373494
0.844	0.51213592233
0.844	0.517156862745
0.844	0.522277227723
0.84	0.522388059701
0.832	0.521303258145
0.828	0.524050632911
0.824	0.529562982005
0.824	0.533678756477
0.824	0.537859007833
0.824	0.542105263158
0.824	0.547872340426
0.824	0.549333333333
0.812	0.550135501355
0.812	0.551630434783
0.808	0.558011049724
0.808	0.564245810056
0.808	0.569014084507
0.808	0.573863636364
0.808	0.578796561605
0.804	0.586005830904
0.796	0.592261904762
0.792	0.596385542169
0.78	0.598159509202
0.78	0.605590062112
0.78	0.605590062112
0.78	0.609375
0.776	0.608150470219
0.776	0.611987381703
0.776	0.617834394904
0.764	0.616129032258
0.76	0.614886731392
0.752	0.616393442623
0.744	0.617940199336
0.744	0.624161073826
0.744	0.628378378378
0.744	0.63698630137
0.732	0.635416666667
0.728	0.636363636364
0.724	0.639575971731
0.72	0.640569395018
0.72	0.642857142857
0.716	0.648550724638
0.712	0.649635036496
0.708	0.653136531365
0.708	0.657992565056
0.704	0.65671641791
0.7	0.657894736842
0.7	0.662878787879
0.7	0.665399239544
0.696	0.669230769231
0.692	0.678431372549
0.684	0.678571428571
0.68	0.677290836653
0.672	0.674698795181
0.672	0.674698795181
0.664	0.672064777328
0.66	0.676229508197
0.66	0.676229508197
0.66	0.679012345679
0.656	0.683333333333
0.652	0.682008368201
0.648	0.683544303797
0.64	0.68085106383
0.632	0.678111587983
0.628	0.679653679654
0.624	0.684210526316
0.624	0.687224669604
0.616	0.6875
0.616	0.690582959641
0.612	0.695454545455
0.612	0.705069124424
0.604	0.705607476636
0.604	0.705607476636
0.6	0.710900473934
0.592	0.711538461538
0.592	0.711538461538
0.588	0.717073170732
0.588	0.717073170732
0.58	0.714285714286
0.572	0.71144278607
0.568	0.717171717172
0.568	0.717171717172
0.568	0.728205128205
0.564	0.726804123711
0.564	0.730569948187
0.564	0.734375
0.556	0.73544973545
0.544	0.739130434783
0.54	0.741758241758
0.536	0.744444444444
0.536	0.744444444444
0.536	0.748603351955
0.536	0.748603351955
0.532	0.747191011236
0.528	0.758620689655
0.528	0.758620689655
0.528	0.763005780347
0.528	0.767441860465
0.528	0.767441860465
0.528	0.771929824561
0.528	0.771929824561
0.524	0.789156626506
0.524	0.789156626506
0.524	0.793939393939
0.52	0.802469135802
0.516	0.801242236025
0.512	0.8
0.508	0.803797468354
0.504	0.807692307692
0.5	0.811688311688
0.5	0.816993464052
0.488	0.818791946309
0.484	0.817567567568
0.484	0.823129251701
0.476	0.820689655172
0.476	0.826388888889
0.472	0.825174825175
0.472	0.825174825175
0.468	0.829787234043
0.468	0.829787234043
0.464	0.834532374101
0.456	0.832116788321
0.448	0.835820895522
0.444	0.840909090909
0.444	0.840909090909
0.444	0.840909090909
0.44	0.839694656489
0.436	0.84496124031
0.436	0.84496124031
0.436	0.84496124031
0.424	0.848
0.42	0.853658536585
0.416	0.859504132231
0.416	0.859504132231
0.408	0.857142857143
0.408	0.857142857143
0.404	0.863247863248
0.4	0.862068965517
0.4	0.869565217391
0.4	0.869565217391
0.388	0.873873873874
0.388	0.881818181818
0.384	0.897196261682
0.38	0.896226415094
0.372	0.894230769231
0.368	0.893203883495
0.364	0.892156862745
0.364	0.90099009901
0.364	0.90099009901
0.36	0.9
0.36	0.9
0.352	0.897959183673
0.348	0.896907216495
0.34	0.894736842105
0.332	0.902173913043
0.328	0.901098901099
0.324	0.9
0.316	0.897727272727
0.312	0.896551724138
0.308	0.895348837209
0.3	0.892857142857
0.3	0.892857142857
0.296	0.89156626506
0.296	0.913580246914
0.296	0.913580246914
0.296	0.913580246914
0.292	0.9125
0.276	0.907894736842
0.272	0.906666666667
0.268	0.905405405405
0.268	0.905405405405
0.264	0.904109589041
0.264	0.916666666667
0.264	0.916666666667
0.26	0.915492957746
0.256	0.914285714286
0.256	0.914285714286
0.252	0.913043478261
0.248	0.911764705882
0.248	0.911764705882
0.244	0.910447761194
0.244	0.910447761194
0.244	0.910447761194
0.244	0.910447761194
0.24	0.909090909091
0.24	0.909090909091
0.24	0.909090909091
0.236	0.907692307692
0.232	0.920634920635
0.224	0.918032786885
0.224	0.918032786885
0.22	0.916666666667
0.216	0.931034482759
0.212	0.929824561404
0.212	0.929824561404
0.208	0.928571428571
0.204	0.927272727273
0.204	0.927272727273
0.2	0.925925925926
0.196	0.924528301887
0.188	0.921568627451
0.184	0.92
0.184	0.92
0.18	0.918367346939
0.18	0.918367346939
0.18	0.918367346939
0.172	0.914893617021
0.172	0.914893617021
0.172	0.914893617021
0.168	0.913043478261
0.164	0.911111111111
0.164	0.911111111111
0.16	0.93023255814
0.16	0.93023255814
0.156	0.928571428571
0.156	0.928571428571
0.156	0.928571428571
0.152	0.926829268293
0.152	0.926829268293
0.152	0.926829268293
0.152	0.926829268293
0.152	0.926829268293
0.148	0.925
0.148	0.925
0.148	0.925
0.148	0.925
0.144	0.923076923077
0.14	0.921052631579
0.14	0.921052631579
0.14	0.921052631579
0.14	0.921052631579
0.136	0.918918918919
0.132	0.942857142857
0.132	0.942857142857
0.128	0.941176470588
0.124	0.939393939394
0.124	0.939393939394
0.116	0.935483870968
0.116	0.935483870968
0.112	0.933333333333
0.112	0.933333333333
0.112	0.965517241379
0.108	0.964285714286
0.104	0.962962962963
0.104	0.962962962963
0.104	0.962962962963
0.1	0.961538461538
0.1	0.961538461538
0.1	0.961538461538
0.096	0.96
0.096	0.96
0.096	0.96
0.096	0.96
0.092	0.958333333333
0.092	0.958333333333
0.092	0.958333333333
0.092	0.958333333333
0.092	0.958333333333
0.092	0.958333333333
0.088	0.95652173913
0.088	0.95652173913
0.088	0.95652173913
0.088	0.95652173913
0.08	0.952380952381
0.08	0.952380952381
0.08	0.952380952381
0.08	0.952380952381
0.08	0.952380952381
0.072	0.947368421053
0.072	0.947368421053
0.072	0.947368421053
0.072	0.947368421053
0.068	0.944444444444
0.068	0.944444444444
0.068	0.944444444444
0.068	0.944444444444
0.068	0.944444444444
0.068	0.944444444444
0.068	0.944444444444
0.068	0.944444444444
0.064	0.941176470588
0.064	0.941176470588
0.06	0.9375
0.052	0.928571428571
0.052	0.928571428571
0.052	0.928571428571
0.052	0.928571428571
0.052	0.928571428571
0.052	0.928571428571
0.052	0.928571428571
0.052	0.928571428571
0.052	0.928571428571
0.048	0.923076923077
0.048	0.923076923077
0.048	0.923076923077
0.048	0.923076923077
0.048	0.923076923077
0.048	0.923076923077
0.048	0.923076923077
0.048	0.923076923077
0.048	0.923076923077
0.044	0.916666666667
0.044	0.916666666667
0.044	0.916666666667
0.044	0.916666666667
0.044	0.916666666667
0.044	0.916666666667
0.044	0.916666666667
0.04	0.909090909091
0.04	0.909090909091
0.036	0.9
0.036	0.9
0.036	1.0
0.036	1.0
0.036	1.0
0.036	1.0
0.036	1.0
0.036	1.0
0.036	1.0
0.036	1.0
0.032	1.0
0.032	1.0
0.032	1.0
0.028	1.0
0.028	1.0
0.028	1.0
0.028	1.0
0.028	1.0
0.024	1.0
0.024	1.0
0.024	1.0
0.024	1.0
0.024	1.0
0.024	1.0
0.024	1.0
0.024	1.0
0.024	1.0
0.024	1.0
0.024	1.0
0.024	1.0
0.024	1.0
0.024	1.0
0.024	1.0
0.024	1.0
0.02	1.0
0.02	1.0
0.016	1.0
0.016	1.0
0.016	1.0
0.016	1.0
0.016	1.0
0.012	1.0
0.012	1.0
0.012	1.0
0.012	1.0
0.012	1.0
0.012	1.0
0.012	1.0
0.012	1.0
0.012	1.0
0.012	1.0
0.012	1.0
0.012	1.0
0.012	1.0
0.012	1.0
0.012	1.0
0.012	1.0
0.012	1.0
0.012	1.0
0.012	1.0
0.012	1.0
0.012	1.0
0.012	1.0
0.012	1.0
0.012	1.0
0.012	1.0
0.012	1.0
0.012	1.0
0.008	1.0
0.008	1.0
0.008	1.0
0.008	1.0
0.008	1.0
0.008	1.0
0.008	1.0
0.008	1.0
0.008	1.0
0.008	1.0
0.008	1.0
0.008	1.0
0.008	1.0
0.008	1.0
0.008	1.0
0.008	1.0
0.008	1.0
0.008	1.0
0.008	1.0
0.008	1.0
0.008	1.0
0.008	1.0
0.008	1.0
0.008	1.0
0.008	1.0
0.008	1.0
0.008	1.0
0.008	1.0
0.008	1.0
0.008	1.0
0.008	1.0
0.008	1.0
0.008	1.0
0.008	1.0
0.008	1.0
0.008	1.0
0.008	1.0
0.008	1.0
0.008	1.0
0.008	1.0
0.008	1.0
0.008	1.0
0.008	1.0
0.008	1.0
0.008	1.0
0.008	1.0
0.008	1.0
0.004	1.0
0.004	1.0
0.004	1.0
0.004	1.0
0.004	1.0
0.004	1.0
0.004	1.0
0.004	1.0
0.004	1.0
0.004	1.0
0.004	1.0
0.004	1.0
0.004	1.0
0.004	1.0
0.004	1.0
0.004	1.0
0.004	1.0
0.004	1.0
0.004	1.0
0.004	1.0
0.004	1.0
0.004	1.0
0.004	1.0
0.004	1.0
0.004	1.0
0.004	1.0
0.004	1.0
0.004	1.0
0.004	1.0
0.004	1.0
0.004	1.0
0.004	1.0
0.004	1.0
0.004	1.0
0.004	1.0
0.004	1.0
0.004	1.0
0.004	1.0
0.004	1.0
0.004	1.0
0.004	1.0
0.004	1.0
0.004	1.0
0.004	1.0
0.004	1.0
0.004	1.0
0.004	1.0
0.004	1.0
0.004	1.0
0.004	1.0
0.004	1.0
0.004	1.0
0.004	1.0
0.004	1.0
0.004	1.0
0.004	1.0
0.004	1.0
0.004	1.0
0.004	1.0
0.004	1.0
0.004	1.0
0.004	1.0
0.004	1.0
0.004	1.0
0.004	1.0
0.004	1.0
0.004	1.0
0.004	1.0
0.004	1.0
0.004	1.0
0.004	1.0
0.004	1.0
0.004	1.0
0.004	1.0
0.004	1.0
0.004	1.0
0.004	1.0
0.004	1.0
0.004	1.0
0.004	1.0
0.004	1.0
0.004	1.0
0.004	1.0
0.004	1.0
0.004	1.0
0.004	1.0
0.004	1.0
0.004	1.0
0.004	1.0
0.004	1.0
0.004	1.0
0.004	1.0
0.004	1.0
0.004	1.0
0.004	1.0
0.004	1.0
0.004	1.0
0.004	1.0
0.004	1.0
0.004	1.0
0.004	1.0
0.004	1.0
0.004	1.0
0.004	1.0
0.004	1.0
0.004	1.0
0.004	1.0
0.004	1.0
0.004	1.0
0.004	1.0
0.004	1.0
0.004	1.0
0.004	1.0
0.004	1.0
0.004	1.0
0.004	1.0
0.004	1.0
0.004	1.0
0.004	1.0
0.004	1.0
0.004	1.0
0.004	1.0
0.004	1.0
0.004	1.0
0.004	1.0
0.004	1.0
0.004	1.0
0.004	1.0
0.004	1.0
0.004	1.0
0.004	1.0
0.004	1.0
0.004	1.0
0.004	1.0
0.004	1.0
0.004	1.0
0.004	1.0
0.004	1.0
0.004	1.0
0.004	1.0
0.004	1.0
0.004	1.0
0.004	1.0
0.004	1.0
0.004	1.0
0.004	1.0
0.004	1.0
0.004	1.0
0.004	1.0
0.004	1.0
0.004	1.0
0.004	1.0
0.004	1.0
0.004	1.0
0.004	1.0
0.004	1.0
0.004	1.0
