0.004	1.0
0.004	1.0
0.004	1.0
0.004	1.0
0.004	1.0
0.004	1.0
0.004	1.0
0.004	1.0
0.004	1.0
0.004	1.0
0.004	1.0
0.004	1.0
0.004	1.0
0.004	1.0
0.004	1.0
0.004	1.0
0.004	1.0
0.004	1.0
0.004	1.0
0.004	1.0
0.004	1.0
0.004	1.0
0.004	1.0
0.004	1.0
0.004	1.0
0.004	1.0
0.004	1.0
0.004	1.0
0.004	1.0
0.004	1.0
0.004	1.0
0.004	1.0
0.004	1.0
0.004	1.0
0.004	1.0
0.004	1.0
0.004	1.0
0.004	1.0
0.004	1.0
0.004	1.0
0.004	1.0
0.004	1.0
0.004	1.0
0.004	1.0
0.004	1.0
0.004	1.0
0.004	1.0
0.004	1.0
0.004	1.0
0.004	1.0
0.004	1.0
0.004	1.0
0.004	1.0
0.004	1.0
0.004	1.0
0.004	1.0
0.004	1.0
0.004	1.0
0.004	1.0
0.004	1.0
0.004	1.0
0.004	1.0
0.004	1.0
0.004	1.0
0.004	1.0
0.004	1.0
0.004	1.0
0.004	1.0
0.004	1.0
0.004	1.0
0.004	1.0
0.004	1.0
0.008	1.0
0.008	1.0
0.008	1.0
0.008	1.0
0.008	1.0
0.008	1.0
0.008	1.0
0.008	1.0
0.008	1.0
0.008	1.0
0.008	1.0
0.008	1.0
0.008	1.0
0.008	1.0
0.008	1.0
0.008	1.0
0.008	1.0
0.008	1.0
0.008	1.0
0.008	1.0
0.008	1.0
0.008	1.0
0.008	1.0
0.008	1.0
0.008	1.0
0.008	1.0
0.008	1.0
0.008	1.0
0.008	1.0
0.008	1.0
0.008	1.0
0.008	1.0
0.008	1.0
0.008	1.0
0.008	1.0
0.008	1.0
0.008	1.0
0.008	1.0
0.008	1.0
0.008	1.0
0.008	1.0
0.008	1.0
0.008	1.0
0.008	1.0
0.008	1.0
0.008	1.0
0.008	1.0
0.008	1.0
0.008	1.0
0.008	1.0
0.008	1.0
0.008	1.0
0.008	1.0
0.008	1.0
0.008	1.0
0.008	1.0
0.008	1.0
0.008	1.0
0.008	1.0
0.008	1.0
0.008	1.0
0.008	1.0
0.008	1.0
0.008	1.0
0.008	1.0
0.008	1.0
0.008	1.0
0.008	1.0
0.008	1.0
0.008	1.0
0.008	1.0
0.008	1.0
0.008	1.0
0.008	1.0
0.008	1.0
0.008	1.0
0.008	1.0
0.008	1.0
0.008	1.0
0.008	1.0
0.008	1.0
0.012	1.0
0.012	1.0
0.012	1.0
0.012	1.0
0.012	1.0
0.012	1.0
0.012	1.0
0.012	1.0
0.012	1.0
0.012	1.0
0.012	1.0
0.012	1.0
0.012	1.0
0.012	1.0
0.012	1.0
0.012	1.0
0.012	1.0
0.012	1.0
0.012	1.0
0.012	1.0
0.016	1.0
0.016	1.0
0.02	1.0
0.02	1.0
0.02	1.0
0.02	1.0
0.02	1.0
0.02	1.0
0.02	1.0
0.02	1.0
0.02	1.0
0.02	1.0
0.02	1.0
0.02	1.0
0.02	1.0
0.02	1.0
0.02	1.0
0.02	1.0
0.02	1.0
0.02	1.0
0.024	1.0
0.024	1.0
0.024	1.0
0.024	1.0
0.028	1.0
0.028	1.0
0.028	1.0
0.028	1.0
0.028	1.0
0.028	1.0
0.028	1.0
0.028	1.0
0.028	1.0
0.028	1.0
0.028	1.0
0.028	1.0
0.028	1.0
0.028	1.0
0.028	1.0
0.028	1.0
0.028	1.0
0.028	1.0
0.028	1.0
0.028	0.875
0.028	0.875
0.028	0.875
0.028	0.777777777778
0.028	0.777777777778
0.028	0.777777777778
0.028	0.777777777778
0.028	0.777777777778
0.028	0.777777777778
0.028	0.777777777778
0.028	0.7
0.028	0.7
0.028	0.636363636364
0.028	0.636363636364
0.028	0.636363636364
0.028	0.636363636364
0.028	0.636363636364
0.028	0.636363636364
0.028	0.636363636364
0.028	0.636363636364
0.028	0.636363636364
0.028	0.636363636364
0.028	0.583333333333
0.028	0.5
0.028	0.5
0.028	0.5
0.028	0.5
0.028	0.5
0.032	0.533333333333
0.032	0.533333333333
0.032	0.5
0.032	0.5
0.032	0.5
0.032	0.5
0.032	0.5
0.032	0.5
0.036	0.529411764706
0.036	0.529411764706
0.036	0.529411764706
0.036	0.529411764706
0.04	0.526315789474
0.04	0.5
0.04	0.5
0.044	0.52380952381
0.048	0.5
0.048	0.5
0.052	0.52
0.052	0.52
0.056	0.538461538462
0.056	0.538461538462
0.056	0.538461538462
0.056	0.538461538462
0.056	0.538461538462
0.056	0.538461538462
0.056	0.538461538462
0.056	0.538461538462
0.056	0.538461538462
0.056	0.538461538462
0.056	0.518518518519
0.056	0.518518518519
0.056	0.518518518519
0.056	0.5
0.056	0.5
0.06	0.5
0.06	0.5
0.06	0.5
0.06	0.5
0.06	0.5
0.06	0.5
0.06	0.5
0.064	0.516129032258
0.068	0.515151515152
0.068	0.515151515152
0.072	0.529411764706
0.072	0.529411764706
0.072	0.529411764706
0.072	0.529411764706
0.072	0.514285714286
0.072	0.514285714286
0.072	0.514285714286
0.076	0.527777777778
0.08	0.540540540541
0.08	0.540540540541
0.08	0.540540540541
0.08	0.540540540541
0.08	0.540540540541
0.084	0.525
0.084	0.512195121951
0.084	0.5
0.084	0.5
0.084	0.488372093023
0.088	0.488888888889
0.092	0.5
0.092	0.5
0.092	0.5
0.092	0.489361702128
0.092	0.479166666667
0.096	0.489795918367
0.1	0.490196078431
0.104	0.5
0.108	0.509433962264
0.112	0.509090909091
0.112	0.5
0.112	0.48275862069
0.116	0.483333333333
0.116	0.483333333333
0.12	0.491803278689
0.12	0.491803278689
0.12	0.491803278689
0.124	0.5
0.124	0.5
0.136	0.515151515152
0.136	0.515151515152
0.136	0.5
0.14	0.5
0.14	0.492957746479
0.144	0.5
0.148	0.493333333333
0.152	0.5
0.156	0.506493506494
0.156	0.506493506494
0.156	0.506493506494
0.156	0.506493506494
0.156	0.506493506494
0.156	0.506493506494
0.156	0.493670886076
0.16	0.5
0.164	0.506172839506
0.164	0.5
0.164	0.493975903614
0.168	0.488372093023
0.168	0.48275862069
0.172	0.488636363636
0.172	0.483146067416
0.172	0.483146067416
0.172	0.477777777778
0.176	0.483516483516
0.184	0.494623655914
0.184	0.479166666667
0.184	0.474226804124
0.192	0.484848484848
0.192	0.484848484848
0.192	0.484848484848
0.192	0.475247524752
0.192	0.475247524752
0.196	0.480392156863
0.204	0.490384615385
0.204	0.490384615385
0.204	0.490384615385
0.204	0.485714285714
0.204	0.476635514019
0.212	0.48623853211
0.212	0.48623853211
0.216	0.482142857143
0.22	0.486725663717
0.22	0.486725663717
0.22	0.482456140351
0.22	0.478260869565
0.22	0.478260869565
0.22	0.474137931034
0.228	0.483050847458
0.232	0.479338842975
0.236	0.483606557377
0.244	0.491935483871
0.244	0.488
0.244	0.484126984127
0.244	0.484126984127
0.244	0.484126984127
0.244	0.484126984127
0.244	0.484126984127
0.244	0.4765625
0.252	0.480916030534
0.256	0.484848484848
0.26	0.488721804511
0.268	0.492647058824
0.272	0.489208633094
0.272	0.485714285714
0.272	0.478873239437
0.272	0.478873239437
0.272	0.475524475524
0.276	0.479166666667
0.28	0.48275862069
0.28	0.48275862069
0.28	0.48275862069
0.284	0.476510067114
0.292	0.483443708609
0.292	0.483443708609
0.292	0.480263157895
0.296	0.480519480519
0.296	0.477419354839
0.296	0.474358974359
0.296	0.474358974359
0.296	0.474358974359
0.296	0.474358974359
0.3	0.474683544304
0.304	0.472049689441
0.308	0.475308641975
0.308	0.472392638037
0.316	0.475903614458
0.316	0.475903614458
0.316	0.475903614458
0.316	0.475903614458
0.324	0.482142857143
0.324	0.479289940828
0.328	0.482352941176
0.328	0.476744186047
0.332	0.474285714286
0.336	0.477272727273
0.344	0.480446927374
0.344	0.475138121547
0.344	0.475138121547
0.348	0.478021978022
0.348	0.475409836066
0.348	0.472826086957
0.364	0.481481481481
0.368	0.484210526316
0.372	0.481865284974
0.372	0.481865284974
0.384	0.489795918367
0.392	0.492462311558
0.392	0.48275862069
0.392	0.48275862069
0.396	0.480582524272
0.396	0.478260869565
0.404	0.480952380952
0.408	0.481132075472
0.408	0.478873239437
0.412	0.476851851852
0.412	0.47465437788
0.412	0.47247706422
0.42	0.475113122172
0.42	0.470852017937
0.42	0.466666666667
0.424	0.464912280702
0.424	0.46288209607
0.432	0.467532467532
0.436	0.467811158798
0.436	0.467811158798
0.44	0.470085470085
0.44	0.468085106383
0.44	0.460251046025
0.44	0.458333333333
0.44	0.458333333333
0.444	0.460580912863
0.444	0.456790123457
0.448	0.455284552846
0.452	0.452
0.452	0.452
0.452	0.443137254902
0.452	0.443137254902
0.452	0.44140625
0.452	0.439688715953
0.456	0.436781609195
0.456	0.431818181818
0.46	0.430711610487
0.46	0.430711610487
0.46	0.429104477612
0.46	0.42750929368
0.46	0.42750929368
0.46	0.424354243542
0.464	0.421818181818
0.468	0.423913043478
0.468	0.423913043478
0.468	0.423913043478
0.472	0.4229390681
0.48	0.424028268551
0.48	0.41958041958
0.48	0.418118466899
0.48	0.418118466899
0.48	0.418118466899
0.48	0.415224913495
0.484	0.415807560137
0.492	0.415540540541
0.496	0.41610738255
0.496	0.41610738255
0.496	0.41610738255
0.5	0.416666666667
0.504	0.413114754098
0.512	0.412903225806
0.52	0.415335463259
0.52	0.415335463259
0.52	0.414012738854
0.524	0.411949685535
0.54	0.417956656347
0.548	0.420245398773
0.548	0.420245398773
0.556	0.421212121212
0.556	0.418674698795
0.556	0.418674698795
0.564	0.420895522388
0.568	0.417647058824
0.58	0.421511627907
0.584	0.420749279539
0.584	0.418338108883
0.584	0.417142857143
0.588	0.415254237288
0.588	0.412921348315
0.588	0.41061452514
0.588	0.409470752089
0.596	0.408219178082
0.6	0.408719346049
0.608	0.408602150538
0.612	0.41018766756
0.616	0.410666666667
0.624	0.411609498681
0.628	0.407792207792
0.636	0.407692307692
0.644	0.409669211196
0.648	0.410126582278
0.652	0.410579345088
0.652	0.406483790524
0.652	0.406483790524
0.656	0.404938271605
0.668	0.405339805825
0.668	0.404358353511
0.672	0.403846153846
0.672	0.4
0.672	0.398104265403
0.676	0.397647058824
0.676	0.396713615023
0.676	0.393939393939
0.684	0.394919168591
0.684	0.392201834862
0.688	0.390909090909
0.7	0.391498881432
0.704	0.390243902439
0.708	0.390728476821
0.712	0.390350877193
0.72	0.38961038961
0.72	0.387096774194
0.72	0.385438972163
0.72	0.382978723404
0.72	0.382165605096
0.732	0.384453781513
0.736	0.383333333333
0.736	0.381742738589
0.736	0.380165289256
0.74	0.380658436214
0.74	0.379098360656
0.744	0.378818737271
0.744	0.377281947262
0.744	0.375757575758
0.744	0.372745490982
0.748	0.372509960159
0.752	0.373757455268
0.752	0.373015873016
0.756	0.372047244094
0.76	0.372549019608
0.76	0.371819960861
0.764	0.37015503876
0.764	0.37015503876
0.764	0.37015503876
0.764	0.368015414258
0.768	0.365714285714
0.768	0.363636363636
0.776	0.363977485929
0.784	0.364990689013
0.792	0.365313653137
0.8	0.366972477064
0.804	0.365454545455
0.804	0.365454545455
0.812	0.36642599278
0.812	0.363799283154
0.812	0.363148479428
0.812	0.361209964413
0.812	0.360568383659
0.82	0.362190812721
0.82	0.361552028219
0.82	0.360915492958
0.824	0.362038664323
0.824	0.361403508772
0.824	0.36013986014
0.824	0.357638888889
0.828	0.358752166378
0.828	0.356896551724
0.828	0.355670103093
0.828	0.352640545145
0.828	0.352040816327
0.832	0.351945854484
0.832	0.350758853288
0.836	0.351260504202
0.84	0.351170568562
0.84	0.351170568562
0.84	0.35
0.84	0.349417637271
0.848	0.35041322314
0.848	0.348111658456
0.848	0.346972176759
0.848	0.346405228758
0.852	0.345779220779
0.852	0.344660194175
0.852	0.342443729904
0.856	0.341853035144
0.86	0.340189873418
0.864	0.340157480315
0.872	0.340093603744
0.872	0.339563862928
0.872	0.33746130031
0.872	0.334869431644
0.88	0.335877862595
0.88	0.335365853659
0.884	0.334848484848
0.884	0.333836858006
0.884	0.333333333333
0.884	0.332831325301
0.884	0.332330827068
0.884	0.330343796712
0.884	0.32838038633
0.888	0.328888888889
0.892	0.327941176471
0.892	0.326500732064
0.892	0.325547445255
0.892	0.325547445255
0.892	0.325072886297
0.892	0.323188405797
0.892	0.321789321789
0.892	0.319484240688
0.892	0.318116975749
0.892	0.317211948791
0.892	0.315417256011
0.892	0.313642756681
0.892	0.311452513966
0.892	0.310584958217
0.896	0.311111111111
0.9	0.310344827586
0.9	0.309491059147
0.9	0.30779753762
0.9	0.30612244898
0.9	0.305706521739
0.9	0.30487804878
0.9	0.302826379542
0.9	0.301204819277
0.9	0.300400534045
0.9	0.29920212766
0.9	0.298804780876
0.904	0.298153034301
0.908	0.29907773386
0.908	0.298291721419
0.908	0.296732026144
0.908	0.295572916667
0.912	0.294954721863
0.912	0.294193548387
0.912	0.293059125964
0.916	0.29358974359
0.916	0.292464878672
0.916	0.291348600509
0.916	0.290240811153
0.916	0.289873417722
0.916	0.288776796974
0.916	0.288050314465
0.916	0.285892634207
0.916	0.283767038414
0.916	0.282367447596
0.916	0.282019704433
0.916	0.280981595092
0.916	0.278588807786
0.916	0.277239709443
0.916	0.275903614458
0.916	0.274580335731
0.916	0.273596176822
0.916	0.272294887039
0.916	0.270685579196
0.916	0.270365997639
0.916	0.270047169811
0.916	0.269095182139
0.916	0.268149882904
0.916	0.2668997669
0.916	0.266279069767
0.92	0.265895953757
0.92	0.264672036824
0.92	0.26376146789
0.92	0.263459335624
0.924	0.262798634812
0.924	0.261904761905
0.924	0.261312217195
0.924	0.26072234763
0.928	0.261555806088
0.932	0.26209223847
0.932	0.261797752809
0.94	0.263157894737
0.94	0.261401557286
0.94	0.260821309656
0.94	0.260532150776
0.94	0.259955752212
0.94	0.258810572687
0.94	0.257675438596
0.94	0.2573932092
0.94	0.25627044711
0.944	0.255687973998
0.944	0.254310344828
0.948	0.254291845494
0.952	0.255091103966
0.952	0.254817987152
0.952	0.254273504274
0.952	0.253731343284
0.952	0.25346112886
0.956	0.25398512221
0.956	0.253715498938
0.956	0.253177966102
0.956	0.25291005291
0.956	0.251844046365
0.956	0.251578947368
0.956	0.251314405889
0.956	0.250524109015
0.956	0.250261780105
0.956	0.24973876698
0.956	0.249217935349
0.956	0.248699271592
0.956	0.248440748441
0.956	0.247668393782
0.956	0.247156153051
0.956	0.24613800206
0.956	0.245632065776
0.956	0.245379876797
0.956	0.244626407369
0.956	0.244126659857
0.956	0.243628950051
0.96	0.243654822335
0.96	0.243654822335
0.96	0.243407707911
0.96	0.243161094225
0.96	0.242669362993
0.96	0.242179616549
0.96	0.241206030151
0.96	0.240480961924
0.96	0.239043824701
0.964	0.239087301587
0.964	0.238613861386
0.968	0.238894373149
0.968	0.23842364532
0.968	0.237954768928
0.968	0.237254901961
0.968	0.236559139785
0.968	0.235867446394
0.968	0.234951456311
0.968	0.234042553191
0.968	0.233590733591
0.968	0.233140655106
0.968	0.23291626564
0.968	0.232468780019
0.968	0.232468780019
0.968	0.232245681382
0.968	0.231800766284
0.968	0.230695900858
0.968	0.230256898192
0.968	0.230038022814
0.968	0.229819563153
0.968	0.229166666667
0.968	0.228949858089
0.968	0.227871939736
0.968	0.227871939736
0.972	0.228169014085
0.972	0.227954971857
0.972	0.227741330834
0.972	0.227102803738
0.972	0.227102803738
0.972	0.226890756303
0.972	0.226679104478
0.972	0.22625698324
0.972	0.226046511628
0.972	0.225626740947
0.972	0.225417439703
0.972	0.225208526413
0.972	0.225
0.972	0.224376731302
0.972	0.223551057958
0.972	0.222935779817
0.972	0.222527472527
0.972	0.222120658135
0.972	0.222120658135
0.972	0.221110100091
0.976	0.221818181818
0.976	0.221415607985
0.976	0.22121486854
0.976	0.22121486854
0.976	0.22121486854
0.976	0.220216606498
0.976	0.220216606498
0.976	0.21981981982
0.976	0.219227313567
0.976	0.218834080717
0.976	0.218834080717
0.976	0.218637992832
0.976	0.21824686941
0.976	0.217857142857
0.976	0.217857142857
0.976	0.21766280107
0.98	0.218165627783
0.98	0.217971530249
0.98	0.217006200177
0.98	0.216814159292
0.98	0.216622458002
0.98	0.216431095406
0.98	0.216431095406
0.98	0.216431095406
0.98	0.215859030837
0.98	0.215479331574
0.98	0.215100965759
0.98	0.21472392638
0.98	0.21472392638
0.98	0.21472392638
0.98	0.214160839161
0.984	0.214659685864
0.984	0.214472537053
0.984	0.213913043478
0.984	0.213727193745
0.984	0.213541666667
0.984	0.213541666667
0.984	0.213356461405
0.984	0.213171577123
0.984	0.212987012987
0.984	0.212987012987
0.984	0.212802768166
0.984	0.212618841832
0.988	0.212931034483
0.988	0.212747631352
0.988	0.21256454389
0.988	0.212199312715
0.988	0.212199312715
0.992	0.21269296741
0.992	0.212328767123
0.992	0.211965811966
0.992	0.211784799317
0.992	0.211784799317
0.992	0.211604095563
0.992	0.211243611584
0.992	0.210884353741
0.992	0.210347752332
0.992	0.210347752332
0.992	0.210169491525
0.992	0.209813874788
0.992	0.209636517329
0.992	0.209636517329
0.992	0.209636517329
0.992	0.209459459459
0.992	0.208930075821
0.992	0.208930075821
0.992	0.208754208754
0.992	0.208754208754
0.992	0.208403361345
0.992	0.208403361345
0.992	0.207879295893
0.992	0.207879295893
0.992	0.207879295893
0.992	0.207879295893
0.992	0.207879295893
0.992	0.207357859532
0.992	0.207184628237
0.992	0.207011686144
0.996	0.207673060884
0.996	0.207327227311
0.996	0.207327227311
0.996	0.206982543641
1.0	0.207641196013
1.0	0.207641196013
1.0	0.207641196013
1.0	0.207468879668
1.0	0.207468879668
1.0	0.207296849088
1.0	0.206611570248
1.0	0.206611570248
1.0	0.206611570248
1.0	0.206611570248
1.0	0.206270627063
1.0	0.206270627063
1.0	0.206270627063
1.0	0.206270627063
1.0	0.206270627063
1.0	0.206100577082
1.0	0.206100577082
1.0	0.206100577082
1.0	0.206100577082
1.0	0.206100577082
1.0	0.205930807249
1.0	0.205592105263
1.0	0.205254515599
1.0	0.205254515599
1.0	0.205254515599
1.0	0.204918032787
1.0	0.204582651391
1.0	0.204415372036
1.0	0.204248366013
1.0	0.204248366013
1.0	0.203748981255
1.0	0.203748981255
1.0	0.203748981255
1.0	0.203583061889
1.0	0.203583061889
1.0	0.203583061889
1.0	0.203417412531
1.0	0.203417412531
1.0	0.203417412531
1.0	0.203417412531
1.0	0.203086921202
1.0	0.203086921202
1.0	0.203086921202
1.0	0.203086921202
1.0	0.202922077922
1.0	0.202922077922
1.0	0.202922077922
1.0	0.202922077922
1.0	0.202922077922
1.0	0.202757502028
1.0	0.202757502028
1.0	0.202757502028
1.0	0.202593192869
1.0	0.202429149798
1.0	0.202265372168
1.0	0.202101859337
1.0	0.202101859337
1.0	0.202101859337
1.0	0.202101859337
1.0	0.202101859337
1.0	0.202101859337
1.0	0.202101859337
1.0	0.201938610662
1.0	0.201938610662
1.0	0.201938610662
1.0	0.201938610662
1.0	0.201938610662
1.0	0.201938610662
1.0	0.201775625504
1.0	0.201775625504
1.0	0.201775625504
1.0	0.201612903226
1.0	0.201450443191
1.0	0.201288244767
1.0	0.201288244767
1.0	0.201126307321
1.0	0.200964630225
1.0	0.200964630225
1.0	0.200964630225
1.0	0.200803212851
1.0	0.200803212851
1.0	0.200803212851
1.0	0.200803212851
1.0	0.200803212851
1.0	0.200803212851
1.0	0.200803212851
1.0	0.200642054575
1.0	0.200481154771
1.0	0.200481154771
1.0	0.200481154771
1.0	0.200481154771
1.0	0.200481154771
1.0	0.200481154771
1.0	0.200481154771
1.0	0.200481154771
1.0	0.200481154771
1.0	0.200320512821
1.0	0.200320512821
1.0	0.200320512821
1.0	0.200320512821
1.0	0.200160128102
1.0	0.200160128102
1.0	0.200160128102
1.0	0.200160128102
1.0	0.200160128102
1.0	0.200160128102
1.0	0.200160128102
1.0	0.200160128102
1.0	0.200160128102
1.0	0.200160128102
1.0	0.200160128102
1.0	0.200160128102
1.0	0.200160128102
1.0	0.200160128102
1.0	0.200160128102
1.0	0.200160128102
1.0	0.200160128102
1.0	0.200160128102
1.0	0.200160128102
1.0	0.200160128102
1.0	0.200160128102
1.0	0.200160128102
1.0	0.200160128102
1.0	0.200160128102
1.0	0.200160128102
1.0	0.200160128102
1.0	0.200160128102
1.0	0.200160128102
1.0	0.200160128102
1.0	0.200160128102
1.0	0.2
